184 17 13
184 119 2
184 283 0
184 359 2
150 7 0
150 10 0
150 149 0
254 0 0
254 4 0
254 32 0
90 2 0
90 15 0
90 111 0
90 144 0
262 0 0
262 30 0
113 2 0
113 10 0
113 21 0
113 22 0
113 31 0
113 32 0
113 63 10
113 77 0
127 0 30
127 1 0
127 2 0
127 10 0
127 11 0
127 20 8
127 21 0
127 24 0
127 25 0
127 55 0
127 156 0
127 165 0
127 254 0
127 291 0
127 301 0
134 0 0
134 2 26
134 10 0
134 39 0
80 27 0
80 30 0
80 38 0
80 178 0
131 286 0
61 0 0
61 2 18
61 3 21
61 4 0
61 5 0
61 10 22
61 11 0
61 16 0
61 26 0
61 29 0
61 41 0
61 49 3
61 52 0
61 95 0
61 101 0
61 200 0
61 203 0
61 263 0
61 343 2
410 9 12
162 3 0
162 4 0
162 20 0
162 21 0
162 22 0
126 1 33
126 17 0
126 107 1
45 0 37
45 2 0
45 8 0
45 18 0
45 19 0
45 28 0
45 64 0
45 67 0
45 167 1
158 11 0
158 139 1
158 155 0
158 376 1
233 0 0
233 21 15
233 25 0
233 303 0
174 5 0
174 8 0
174 10 0
174 30 0
174 106 0
84 4 33
84 10 23
84 17 10
84 20 14
84 23 0
84 25 0
84 27 9
84 32 0
84 36 0
84 83 0
84 97 0
84 177 3
84 282 0
3 0 21
3 1 18
3 2 21
3 4 28
3 5 17
3 7 0
3 8 15
3 9 0
3 10 27
3 11 0
3 12 0
3 13 19
3 19 0
3 20 17
3 22 19
3 23 24
3 24 0
3 25 21
3 26 0
3 29 18
3 30 22
3 31 0
3 32 0
3 38 0
3 44 0
3 45 0
3 49 23
3 52 0
3 54 0
3 56 0
3 58 19
3 59 0
3 61 21
3 62 24
3 63 18
3 64 28
3 70 0
3 73 25
3 77 25
3 79 28
3 100 0
3 101 0
3 102 0
3 104 0
3 117 27
3 121 0
3 127 0
3 132 28
3 146 25
3 147 30
3 150 0
3 156 0
3 165 29
3 166 0
3 174 0
3 185 0
3 200 0
3 225 26
3 229 28
3 275 0
3 294 28
3 343 27
3 382 0
3 485 0
3 500 0
248 22 0
248 162 0
247 21 0
247 43 0
247 112 0
247 292 0
85 3 0
85 4 0
85 10 0
85 13 7
85 39 0
85 59 0
85 104 1
85 132 0
85 187 0
85 225 0
85 294 0
250 9 0
250 362 0
287 1 0
287 8 0
287 9 0
287 26 0
287 41 0
287 274 0
287 410 0
77 0 32
77 1 27
77 3 25
77 5 0
77 7 0
77 21 0
77 30 7
77 39 0
77 41 0
77 341 0
42 10 0
42 15 0
42 21 15
42 27 10
42 57 0
42 63 0
99 0 0
64 3 28
64 4 0
64 9 0
64 15 0
64 22 0
64 31 0
64 35 0
64 62 0
64 101 0
64 135 0
64 160 4
64 168 0
64 169 0
64 177 0
64 372 0
253 32 3
253 46 0
253 94 0
294 2 0
294 3 28
294 10 0
294 13 0
294 197 0
294 391 0
121 10 0
121 21 17
121 56 0
121 154 0
368 19 0
93 1 0
93 39 0
93 70 0
93 89 0
93 107 0
13 0 26
13 1 23
13 2 0
13 3 19
13 4 25
13 5 0
13 8 0
13 9 0
13 15 0
13 16 0
13 19 0
13 21 0
13 22 0
13 25 10
13 42 0
13 43 5
13 52 0
13 55 8
13 60 0
13 67 0
13 72 8
13 77 0
13 79 0
13 85 7
13 104 0
13 114 6
13 138 0
13 146 0
13 151 0
13 156 9
13 160 0
13 165 0
13 216 0
13 225 0
13 232 0
13 254 0
13 268 0
13 273 0
13 287 0
13 305 0
13 410 0
192 1 0
192 22 0
192 55 0
192 70 0
200 0 37
200 29 0
200 52 7
30 0 29
30 1 22
30 3 22
30 5 10
30 10 23
30 11 11
30 12 8
30 25 10
30 27 12
30 28 0
30 29 0
30 31 5
30 32 9
30 39 0
30 45 0
30 58 0
30 59 0
30 77 7
30 203 0
30 275 0
190 4 40
119 11 0
119 155 0
119 158 0
119 171 0
119 184 2
119 283 0
416 8 0
204 7 0
181 477 0
344 168 0
191 39 0
16 23 0
16 24 0
16 49 6
35 19 0
35 53 2
322 4 0
111 15 0
111 32 0
111 97 0
111 282 0
186 40 4
186 119 0
186 155 0
376 11 0
376 158 1
479 13 0
479 197 0
479 391 0
125 11 11
235 4 0
235 11 0
235 24 0
1 0 19
1 2 19
1 3 18
1 4 20
1 5 15
1 7 33
1 8 15
1 9 25
1 10 21
1 11 18
1 13 23
1 15 24
1 17 27
1 19 33
1 20 22
1 21 29
1 23 0
1 24 0
1 25 20
1 26 0
1 29 21
1 30 22
1 31 22
1 32 28
1 37 29
1 39 0
1 40 0
1 44 0
1 45 0
1 49 28
1 55 0
1 56 28
1 57 0
1 58 22
1 59 0
1 61 0
1 63 24
1 64 0
1 70 29
1 77 27
1 102 0
1 103 30
1 104 0
1 107 32
1 126 33
1 133 0
1 144 34
1 154 29
1 159 33
1 160 0
1 179 35
1 182 0
1 210 0
1 215 0
1 225 0
1 249 0
1 305 0
1 309 0
1 327 0
1 376 0
1 379 0
1 431 35
1 469 0
293 10 30
177 10 29
177 20 12
177 84 3
313 37 3
313 42 0
313 43 1
282 32 0
282 97 1
123 0 39
123 4 38
123 73 0
123 118 0
123 131 0
123 153 0
194 38 0
352 10 0
352 22 0
352 39 0
20 0 25
20 1 22
20 2 18
20 3 17
20 4 0
20 8 11
20 9 10
20 10 20
20 11 0
20 13 0
20 15 0
20 22 8
20 24 0
20 26 0
20 29 0
20 30 0
20 39 9
20 40 12
20 46 0
20 54 0
20 58 9
20 61 0
20 63 7
20 84 14
20 88 0
20 97 0
20 103 0
20 106 0
20 127 8
20 160 0
20 177 12
20 197 13
20 220 0
20 268 0
20 291 0
20 301 0
20 303 0
20 312 0
20 394 0
20 490 0
464 15 0
228 1 0
228 4 38
307 340 1
208 4 0
208 9 0
47 2 0
47 20 0
47 32 0
47 37 0
47 125 0
47 131 0
47 166 0
47 171 0
47 488 0
47 495 0
406 21 0
168 158 0
168 340 1
11 0 0
11 1 18
11 2 17
11 4 27
11 5 10
11 9 12
11 10 18
11 15 0
11 25 8
11 27 11
11 30 11
11 33 10
11 34 0
11 41 9
11 52 0
11 56 8
11 104 0
11 125 11
11 154 0
11 155 10
11 353 0
11 377 0
114 0 0
114 1 0
114 9 0
114 13 6
114 25 11
114 72 2
114 138 0
114 146 0
114 159 0
114 268 0
117 1 0
117 3 27
117 15 0
117 20 0
117 23 0
117 60 0
117 63 0
117 127 0
117 160 0
201 56 0
154 1 29
154 5 0
154 10 26
154 32 0
154 56 0
154 150 0
154 249 0
154 293 0
154 485 0
268 1 0
268 4 34
268 100 0
268 182 0
92 40 0
92 186 0
257 2 29
257 9 0
57 0 36
57 2 25
57 4 34
57 5 0
57 17 6
57 312 0
57 353 0
341 0 0
341 1 0
341 25 0
341 55 0
341 156 0
341 165 0
341 235 0
341 254 0
449 7 0
449 135 0
442 27 0
442 44 0
83 4 33
83 10 26
83 21 13
83 25 0
83 44 4
83 163 1
83 315 0
41 0 32
41 1 0
41 2 0
41 3 0
41 4 0
41 7 9
41 8 0
41 9 0
41 10 0
41 11 9
41 20 0
41 26 0
41 27 0
41 28 0
41 33 3
41 37 0
41 58 0
41 89 6
41 153 0
41 159 5
41 357 0
224 0 0
224 57 0
273 2 0
273 3 0
273 8 0
273 49 0
273 58 0
273 70 0
273 77 0
273 229 0
273 262 0
106 2 0
106 455 0
439 19 5
274 147 0
241 0 0
46 38 0
108 8 0
108 21 0
108 22 0
108 25 0
108 83 0
108 101 0
108 123 0
108 233 0
227 0 0
227 32 0
227 104 0
227 111 0
227 114 0
160 60 6
160 64 4
160 103 3
160 197 5
28 4 0
28 5 0
28 8 0
28 10 0
28 15 6
28 17 0
28 18 0
28 38 0
285 3 0
285 11 0
285 29 0
285 30 0
285 32 0
285 42 0
285 165 0
285 234 0
54 0 0
54 1 0
54 2 0
54 4 0
54 9 8
54 15 0
54 47 0
54 57 0
54 182 0
54 222 0
43 0 0
43 1 0
43 2 0
43 4 0
43 8 0
43 13 5
43 15 0
43 19 0
43 21 0
43 23 0
43 34 0
43 37 1
43 42 0
43 56 0
43 68 0
43 79 0
43 85 0
43 104 0
43 112 0
43 118 0
43 141 0
43 182 0
43 313 1
279 66 0
279 94 0
73 0 32
73 1 0
73 3 25
73 20 0
73 63 0
73 127 0
356 4 0
356 10 0
356 39 0
356 52 0
356 63 9
27 0 30
27 1 0
27 4 24
27 5 0
27 8 0
27 10 17
27 11 11
27 16 0
27 17 8
27 18 0
27 21 14
27 23 8
27 24 6
27 25 7
27 28 0
27 30 12
27 42 10
27 44 9
27 47 0
27 52 0
27 63 0
27 84 9
26 0 0
26 2 16
26 4 28
26 8 8
26 9 0
26 17 0
26 18 0
26 29 8
26 49 3
26 52 6
26 141 0
26 380 0
38 5 15
15 0 33
15 1 24
15 2 20
15 4 27
15 5 11
15 8 11
15 18 0
15 23 7
15 26 0
15 28 6
15 31 5
15 58 0
15 81 0
15 88 8
15 135 0
15 200 0
15 258 0
161 1 0
161 2 0
161 5 0
161 8 0
161 78 0
161 114 0
5 0 19
5 1 15
5 3 17
5 4 21
5 8 10
5 10 13
5 11 10
5 15 11
5 17 12
5 21 17
5 23 9
5 24 8
5 29 10
5 30 10
5 31 6
5 38 15
5 39 0
5 52 10
5 56 12
5 60 0
5 62 0
5 73 0
5 133 0
5 134 0
5 151 0
5 215 0
5 305 0
5 377 0
5 451 0
5 455 0
5 475 0
32 0 0
32 1 28
32 4 33
32 5 0
32 30 9
32 46 0
32 48 0
32 94 3
32 228 0
32 253 3
32 259 0
153 19 5
153 73 0
68 0 0
68 2 0
68 9 0
68 20 0
68 102 0
68 127 0
68 262 0
234 2 0
234 9 0
34 0 0
34 4 0
34 5 0
34 7 7
34 9 10
34 13 0
34 18 0
34 24 0
34 38 0
34 114 0
34 127 0
34 215 0
34 305 0
34 341 0
213 134 0
315 4 36
315 10 28
315 21 15
315 163 0
240 8 0
240 10 0
240 174 0
157 105 0
333 268 0
431 1 35
19 0 0
19 1 33
19 4 38
19 10 0
19 89 3
19 118 5
19 153 5
19 200 0
19 439 5
19 473 5
53 0 36
53 1 0
53 4 0
53 5 0
53 8 0
53 10 0
53 29 8
53 35 2
53 37 0
53 49 6
53 60 0
53 156 0
53 178 0
53 299 0
53 377 0
72 4 0
72 5 0
72 13 8
72 17 10
72 27 0
72 43 0
72 53 0
72 106 0
72 114 2
72 131 0
72 268 0
170 7 0
446 55 0
435 13 0
435 60 0
435 117 0
435 160 0
71 0 0
71 2 27
276 2 0
276 9 0
276 155 0
59 0 35
59 4 0
59 5 0
59 21 0
59 24 2
59 32 0
59 101 0
59 155 0
59 203 0
59 213 0
286 4 39
17 0 35
17 1 27
17 2 25
17 4 27
17 5 12
17 8 0
17 9 0
17 10 24
17 16 0
17 19 0
17 21 15
17 22 0
17 24 0
17 27 8
17 37 0
17 47 0
17 57 6
17 67 0
17 72 10
17 84 10
17 131 0
17 184 13
17 495 0
146 1 0
146 3 25
146 4 0
146 20 0
146 22 0
146 31 0
146 38 0
146 43 0
146 63 0
146 127 0
146 255 0
146 268 0
207 0 38
207 2 29
207 73 0
207 104 0
31 0 0
31 1 22
31 2 20
31 4 25
31 5 6
31 10 19
31 11 0
31 12 0
31 13 0
31 15 5
31 21 0
31 22 0
31 23 0
31 26 0
31 27 0
31 30 5
31 32 0
31 52 0
31 61 0
31 102 0
31 151 0
291 139 0
291 301 0
67 0 37
67 2 0
67 28 0
175 188 0
139 11 0
139 92 0
139 158 1
305 0 39
378 4 0
4 0 24
4 1 20
4 2 22
4 3 28
4 5 21
4 7 35
4 8 24
4 9 29
4 10 21
4 11 27
4 13 25
4 15 27
4 17 27
4 18 35
4 19 38
4 21 32
4 23 22
4 24 26
4 25 26
4 26 28
4 27 24
4 31 25
4 32 33
4 39 26
4 44 0
4 49 33
4 52 27
4 57 34
4 62 33
4 63 28
4 66 0
4 69 34
4 83 33
4 84 33
4 95 0
4 104 30
4 106 0
4 123 38
4 134 0
4 135 0
4 154 0
4 163 34
4 190 40
4 213 0
4 225 34
4 228 38
4 268 34
4 286 39
4 290 0
4 315 36
349 13 0
349 44 0
263 10 0
89 1 0
89 4 0
89 19 3
89 23 0
89 41 6
89 123 0
89 153 0
89 473 0
138 0 36
138 2 0
138 3 0
138 4 0
138 23 0
138 43 0
138 166 0
138 268 0
138 303 0
128 16 0
128 27 0
128 32 0
128 44 0
128 47 0
128 49 0
128 52 0
128 105 0
351 101 0
498 29 0
403 2 0
156 0 0
156 8 14
156 13 9
156 60 0
156 117 0
156 135 0
156 160 0
156 180 2
60 10 30
60 21 16
60 29 11
60 50 0
60 160 6
60 260 0
75 0 39
75 22 0
75 55 0
75 65 0
75 138 0
384 0 0
384 7 7
304 48 0
365 10 0
365 33 0
365 37 0
155 9 9
155 11 10
155 21 0
9 0 0
9 1 25
9 2 15
9 4 29
9 8 0
9 11 12
9 15 0
9 16 0
9 20 10
9 23 0
9 29 15
9 32 0
9 34 10
9 35 0
9 40 8
9 48 0
9 54 8
9 57 0
9 62 0
9 71 0
9 100 0
9 108 0
9 109 0
9 125 0
9 135 0
9 155 9
9 158 0
9 159 12
9 182 0
9 197 11
9 220 0
9 410 12
124 2 30
225 3 26
225 4 34
225 10 0
225 39 0
225 59 0
225 85 0
225 104 1
225 207 0
147 3 30
147 11 0
147 23 0
147 115 0
24 0 28
24 4 26
24 5 8
24 8 0
24 11 0
24 13 0
24 21 12
24 23 5
24 27 6
24 59 2
24 394 0
443 158 0
132 0 0
132 3 28
132 10 0
132 18 0
132 22 0
132 35 0
132 168 0
132 254 0
102 0 35
102 2 0
102 20 0
102 37 0
102 52 0
102 61 0
102 127 0
102 200 0
102 262 0
413 112 0
56 1 28
56 4 0
56 5 12
56 10 24
56 11 8
56 25 0
56 48 0
56 104 0
56 154 0
56 249 0
56 293 0
7 0 33
7 1 33
7 2 0
7 4 35
7 27 0
7 31 0
7 34 7
7 39 8
7 41 9
7 47 0
7 48 8
7 52 0
7 145 8
7 149 0
7 384 7
70 1 29
70 4 0
70 5 0
70 15 0
70 21 0
70 23 0
70 30 0
70 137 0
70 296 0
179 1 35
179 214 0
243 3 0
243 4 0
243 29 0
243 32 0
269 25 0
269 29 0
269 30 0
269 101 0
453 25 0
453 83 0
272 234 0
105 2 0
105 128 0
220 40 0
112 21 18
112 59 0
112 178 0
21 1 29
21 4 32
21 5 17
21 8 13
21 10 20
21 17 15
21 24 12
21 25 14
21 27 14
21 28 0
21 29 17
21 37 10
21 42 15
21 60 16
21 66 0
21 83 13
21 101 11
21 112 18
21 121 17
21 163 0
21 233 15
21 315 15
103 1 30
103 2 0
103 3 0
103 8 0
103 10 0
103 22 0
103 39 0
103 43 0
103 160 3
103 273 0
116 158 0
81 16 0
81 26 0
81 27 0
81 380 0
325 21 0
98 19 0
96 2 0
96 4 0
96 10 0
96 62 0
96 134 0
52 0 28
52 1 0
52 2 21
52 4 27
52 5 10
52 10 20
52 21 0
52 26 6
52 29 7
52 39 5
52 63 6
52 200 7
251 1 0
251 2 0
251 13 0
55 0 34
55 2 0
55 7 0
55 9 0
55 10 0
55 11 0
55 13 8
55 29 0
55 60 0
55 101 0
55 117 0
55 160 0
55 221 0
55 268 0
55 287 0
55 410 0
55 498 0
104 0 32
104 4 30
104 10 0
104 15 0
104 39 0
104 59 0
104 73 0
104 77 0
104 85 1
104 103 0
104 160 0
104 225 1
39 0 27
39 3 0
39 4 26
39 7 8
39 10 17
39 20 9
39 22 3
39 26 0
39 52 5
39 61 0
39 63 5
39 66 0
39 84 0
39 109 0
39 177 0
39 303 0
39 395 0
39 425 0
159 1 33
159 9 12
159 10 30
159 22 0
159 39 0
159 41 5
159 80 0
159 101 0
159 263 0
141 10 0
141 23 0
141 48 0
141 259 0
141 274 0
91 2 0
171 47 0
171 488 0
140 260 0
62 2 25
62 3 24
62 4 33
62 13 0
62 20 0
62 135 0
62 268 0
62 304 0
163 4 34
163 9 0
163 10 28
163 83 1
163 315 0
195 25 0
195 29 0
195 101 0
195 269 0
50 4 0
50 7 0
50 11 0
50 26 0
50 27 0
50 29 0
50 41 0
50 48 0
50 135 0
50 170 0
50 340 0
63 0 26
63 1 24
63 2 20
63 3 18
63 4 28
63 5 0
63 8 10
63 9 0
63 10 17
63 11 0
63 20 7
63 22 5
63 24 0
63 29 8
63 39 5
63 52 6
63 54 0
63 113 10
63 127 0
63 262 0
63 356 9
107 1 32
107 3 0
107 11 0
107 22 7
107 126 1
107 207 0
223 0 0
172 22 7
172 154 0
193 21 0
193 66 0
48 7 8
391 13 0
359 0 0
359 184 2
359 283 0
417 2 0
417 9 0
417 10 0
166 2 0
166 9 0
166 15 0
166 22 0
166 287 0
166 410 0
166 464 0
0 1 19
0 2 17
0 3 21
0 4 24
0 5 19
0 7 33
0 8 21
0 10 32
0 13 26
0 15 33
0 16 0
0 17 35
0 18 0
0 20 25
0 22 27
0 23 28
0 24 28
0 25 26
0 27 30
0 29 26
0 30 29
0 38 0
0 39 27
0 41 32
0 45 37
0 49 32
0 52 28
0 53 36
0 55 34
0 57 36
0 58 29
0 59 35
0 63 26
0 65 0
0 67 37
0 73 32
0 75 39
0 77 32
0 97 41
0 102 35
0 104 32
0 123 39
0 127 30
0 138 36
0 141 0
0 176 0
0 200 37
0 207 38
0 215 0
0 258 0
0 268 0
0 280 0
0 303 0
0 305 39
0 327 0
0 353 0
0 377 0
0 451 0
0 469 0
0 475 0
0 485 0
33 0 0
33 1 0
33 3 0
33 4 0
33 11 10
33 17 0
33 18 0
33 19 0
33 37 0
33 41 3
33 50 0
33 54 0
33 61 0
33 62 0
33 72 0
33 77 0
33 104 0
33 117 0
33 153 0
173 1 0
173 3 0
173 126 0
173 165 0
229 2 27
229 3 28
229 8 13
94 18 0
94 32 3
94 66 0
94 89 0
372 21 0
382 70 0
382 71 0
382 137 0
361 37 0
165 0 0
165 3 29
343 0 0
343 2 0
343 3 27
343 29 0
343 61 2
488 171 0
185 1 0
88 2 0
88 11 0
88 15 8
88 257 0
232 178 0
10 0 32
10 1 21
10 2 28
10 3 27
10 4 21
10 5 13
10 6 0
10 8 19
10 11 18
10 17 24
10 20 20
10 21 20
10 22 21
10 23 21
10 25 17
10 27 17
10 29 17
10 30 23
10 31 19
10 37 27
10 39 17
10 46 0
10 47 0
10 52 20
10 56 24
10 60 30
10 61 22
10 63 17
10 66 0
10 83 26
10 84 23
10 106 0
10 109 0
10 131 0
10 154 26
10 159 30
10 163 28
10 177 29
10 249 0
10 254 0
10 268 0
10 293 30
10 315 28
10 394 0
10 395 0
10 425 0
10 455 0
10 495 0
29 0 26
29 1 21
29 2 15
29 3 18
29 5 10
29 8 6
29 9 15
29 10 17
29 11 0
29 21 17
29 23 0
29 25 10
29 26 8
29 35 0
29 49 0
29 52 7
29 53 8
29 60 11
29 63 8
29 134 0
29 203 0
212 22 0
264 19 0
148 4 0
148 7 0
148 17 0
148 57 0
12 5 0
12 30 8
12 38 0
78 0 0
78 1 0
78 2 0
78 13 0
78 26 0
78 49 0
149 0 0
149 8 0
149 16 0
470 2 0
206 62 0
167 9 0
167 29 0
167 45 1
167 54 0
167 67 0
167 225 0
115 5 0
115 11 0
115 15 0
115 38 0
404 56 0
100 19 0
100 98 0
145 7 8
205 99 0
473 19 5
44 0 0
44 2 0
44 27 9
44 53 0
44 56 0
44 58 0
44 83 4
87 3 0
87 34 0
87 194 0
414 0 0
414 112 0
380 38 0
18 4 35
8 0 21
8 1 15
8 2 14
8 3 15
8 4 24
8 5 10
8 10 19
8 11 0
8 15 11
8 20 11
8 21 13
8 25 0
8 26 8
8 29 6
8 30 0
8 49 0
8 54 0
8 62 0
8 63 10
8 77 0
8 83 0
8 101 10
8 106 0
8 133 0
8 156 14
8 229 13
8 233 0
8 455 0
109 0 0
109 303 0
412 44 0
425 29 0
97 0 41
97 18 0
97 32 0
97 57 0
97 282 1
221 4 0
221 9 0
221 146 0
267 1 0
267 126 0
22 0 27
22 1 0
22 3 19
22 4 0
22 5 0
22 7 0
22 8 0
22 9 0
22 10 21
22 20 8
22 29 0
22 32 0
22 39 3
22 41 0
22 42 0
22 44 0
22 63 5
22 107 7
22 127 0
22 167 0
22 172 7
22 207 0
22 285 0
144 1 34
144 2 29
79 3 28
79 85 0
79 104 0
79 163 0
79 225 0
79 243 0
79 291 0
79 301 0
79 326 0
25 0 26
25 1 20
25 2 20
25 3 21
25 4 26
25 10 17
25 11 8
25 13 10
25 20 0
25 21 14
25 23 0
25 24 0
25 27 7
25 29 10
25 30 10
25 39 0
25 43 0
25 44 0
25 58 5
25 63 0
25 114 11
25 115 0
25 155 0
25 176 0
25 268 0
118 19 5
118 92 0
118 302 0
118 439 0
428 9 0
426 3 0
37 1 29
37 4 0
37 8 0
37 10 27
37 13 0
37 15 0
37 21 10
37 23 0
37 24 0
37 27 0
37 42 0
37 43 1
37 44 0
37 101 0
37 313 3
37 480 0
219 13 0
40 2 27
40 9 8
40 20 12
40 71 0
40 155 0
40 186 4
40 197 3
180 156 2
347 2 0
347 10 0
347 22 0
347 39 0
347 67 0
133 3 0
133 13 0
133 165 0
133 376 0
137 22 0
137 165 0
137 484 0
335 138 0
58 0 29
58 1 22
58 2 17
58 3 19
58 4 0
58 8 0
58 11 0
58 20 9
58 25 5
58 29 0
58 49 0
58 63 0
58 229 0
69 0 0
69 4 34
69 9 0
69 10 0
69 15 0
69 23 5
69 36 0
69 44 0
69 135 0
69 286 0
66 109 0
187 20 0
187 31 0
187 155 0
187 312 0
49 0 32
49 1 28
49 2 22
49 3 23
49 4 33
49 5 0
49 16 6
49 26 3
49 40 0
49 53 6
49 61 3
49 67 0
49 79 0
49 163 0
49 243 0
49 326 0
255 5 0
255 377 0
340 168 1
340 307 1
340 344 0
231 19 0
231 22 0
231 77 0
231 368 0
296 5 0
296 38 0
101 0 0
101 1 0
101 7 0
101 8 10
101 9 0
101 11 0
101 21 11
101 25 0
101 29 0
101 83 0
101 125 0
101 233 0
509 259 0
2 0 17
2 1 19
2 3 21
2 4 22
2 5 0
2 8 14
2 9 15
2 10 28
2 11 17
2 15 20
2 17 25
2 20 18
2 21 0
2 23 21
2 24 0
2 25 20
2 26 16
2 27 0
2 29 15
2 31 20
2 32 0
2 34 0
2 40 27
2 48 0
2 49 22
2 52 21
2 57 25
2 58 17
2 61 18
2 62 25
2 63 20
2 71 27
2 73 0
2 80 0
2 104 0
2 124 30
2 125 0
2 134 26
2 135 0
2 144 29
2 155 0
2 207 29
2 229 27
2 257 29
2 309 0
355 35 0
467 28 0
373 9 0
197 9 11
197 13 0
197 20 13
197 40 3
197 160 5
197 220 0
23 0 28
23 2 21
23 3 24
23 4 22
23 5 9
23 10 21
23 15 7
23 18 0
23 24 5
23 27 8
23 32 0
23 39 0
23 44 0
23 69 5
23 101 0
23 123 0
23 362 0
317 4 0
