184 17 0
184 119 0
184 283 0
184 359 0
150 7 0
150 10 0
150 149 0
254 0 0
254 4 0
254 32 0
90 2 0
90 15 0
90 111 0
90 144 0
262 0 0
262 30 0
113 2 0
113 10 0
113 21 0
113 22 0
113 31 0
113 32 0
113 63 0
113 77 0
127 0 1
127 1 0
127 2 0
127 10 0
127 11 0
127 20 1
127 21 0
127 24 0
127 25 0
127 55 0
127 156 0
127 165 0
127 254 0
127 291 0
127 301 0
134 0 0
134 2 0
134 10 0
134 39 0
80 27 0
80 30 0
80 38 0
80 178 0
131 286 0
61 0 0
61 2 3
61 3 4
61 4 0
61 5 0
61 10 2
61 11 0
61 16 0
61 26 0
61 29 0
61 41 0
61 49 2
61 52 0
61 95 0
61 101 0
61 200 0
61 203 0
61 263 0
61 343 1
410 9 0
162 3 0
162 4 0
162 20 0
162 21 0
162 22 0
126 1 1
126 17 0
126 107 1
45 0 0
45 2 0
45 8 0
45 18 0
45 19 0
45 28 0
45 64 0
45 67 0
45 167 0
158 11 0
158 139 0
158 155 0
158 376 0
233 0 0
233 21 0
233 25 0
233 303 0
174 5 0
174 8 0
174 10 0
174 30 0
174 106 0
84 4 3
84 10 5
84 17 3
84 20 2
84 23 0
84 25 0
84 27 3
84 32 0
84 36 0
84 83 0
84 97 0
84 177 2
84 282 0
3 0 18
3 1 15
3 2 15
3 4 13
3 5 8
3 7 0
3 8 10
3 9 0
3 10 14
3 11 0
3 12 0
3 13 4
3 19 0
3 20 8
3 22 4
3 23 5
3 24 0
3 25 9
3 26 0
3 29 8
3 30 6
3 31 0
3 32 0
3 38 0
3 44 0
3 45 0
3 49 5
3 52 0
3 54 0
3 56 0
3 58 5
3 59 0
3 61 4
3 62 2
3 63 9
3 64 0
3 70 0
3 73 1
3 77 3
3 79 0
3 100 0
3 101 0
3 102 0
3 104 0
3 117 0
3 121 0
3 127 0
3 132 0
3 146 0
3 147 0
3 150 0
3 156 0
3 165 0
3 166 0
3 174 0
3 185 0
3 200 0
3 225 1
3 229 2
3 275 0
3 294 0
3 343 1
3 382 0
3 485 0
3 500 0
248 22 0
248 162 0
247 21 0
247 43 0
247 112 0
247 292 0
85 3 0
85 4 0
85 10 0
85 13 0
85 39 0
85 59 0
85 104 1
85 132 0
85 187 0
85 225 1
85 294 0
250 9 0
250 362 0
287 1 0
287 8 0
287 9 0
287 26 0
287 41 0
287 274 0
287 410 0
77 0 3
77 1 3
77 3 3
77 5 0
77 7 0
77 21 0
77 30 3
77 39 0
77 41 0
77 341 0
42 10 0
42 15 0
42 21 1
42 27 1
42 57 0
42 63 0
99 0 0
64 3 0
64 4 0
64 9 0
64 15 0
64 22 0
64 31 0
64 35 0
64 62 0
64 101 0
64 135 0
64 160 0
64 168 0
64 169 0
64 177 0
64 372 0
253 32 0
253 46 0
253 94 0
294 2 0
294 3 0
294 10 0
294 13 0
294 197 0
294 391 0
121 10 0
121 21 0
121 56 0
121 154 0
368 19 0
93 1 0
93 39 0
93 70 0
93 89 0
93 107 0
13 0 5
13 1 4
13 2 0
13 3 4
13 4 4
13 5 0
13 8 0
13 9 0
13 15 0
13 16 0
13 19 0
13 21 0
13 22 0
13 25 5
13 42 0
13 43 0
13 52 0
13 55 1
13 60 0
13 67 0
13 72 1
13 77 0
13 79 0
13 85 0
13 104 0
13 114 2
13 138 0
13 146 0
13 151 0
13 156 0
13 160 0
13 165 0
13 216 0
13 225 0
13 232 0
13 254 0
13 268 0
13 273 0
13 287 0
13 305 0
13 410 0
192 1 0
192 22 0
192 55 0
192 70 0
200 0 1
200 29 0
200 52 1
30 0 7
30 1 9
30 3 6
30 5 6
30 10 8
30 11 5
30 12 0
30 25 6
30 27 4
30 28 0
30 29 0
30 31 3
30 32 1
30 39 0
30 45 0
30 58 0
30 59 0
30 77 3
30 203 0
30 275 0
190 4 0
119 11 0
119 155 0
119 158 0
119 171 0
119 184 0
119 283 0
416 8 0
204 7 0
181 477 0
344 168 0
191 39 0
16 23 0
16 24 0
16 49 0
35 19 0
35 53 0
322 4 0
111 15 0
111 32 0
111 97 0
111 282 0
186 40 0
186 119 0
186 155 0
376 11 0
376 158 0
479 13 0
479 197 0
479 391 0
125 11 0
235 4 0
235 11 0
235 24 0
1 0 18
1 2 17
1 3 15
1 4 19
1 5 13
1 7 2
1 8 11
1 9 6
1 10 19
1 11 8
1 13 4
1 15 6
1 17 6
1 19 1
1 20 8
1 21 8
1 23 0
1 24 0
1 25 11
1 26 0
1 29 10
1 30 9
1 31 6
1 32 2
1 37 2
1 39 0
1 40 0
1 44 0
1 45 0
1 49 4
1 55 0
1 56 4
1 57 0
1 58 5
1 59 0
1 61 0
1 63 8
1 64 0
1 70 0
1 77 3
1 102 0
1 103 0
1 104 0
1 107 1
1 126 1
1 133 0
1 144 1
1 154 2
1 159 2
1 160 0
1 179 0
1 182 0
1 210 0
1 215 0
1 225 0
1 249 0
1 305 0
1 309 0
1 327 0
1 376 0
1 379 0
1 431 0
1 469 0
293 10 0
177 10 2
177 20 2
177 84 2
313 37 1
313 42 0
313 43 1
282 32 0
282 97 0
123 0 1
123 4 1
123 73 0
123 118 0
123 131 0
123 153 0
194 38 0
352 10 0
352 22 0
352 39 0
20 0 10
20 1 8
20 2 9
20 3 8
20 4 0
20 8 6
20 9 4
20 10 10
20 11 0
20 13 0
20 15 0
20 22 5
20 24 0
20 26 0
20 29 0
20 30 0
20 39 4
20 40 3
20 46 0
20 54 0
20 58 4
20 61 0
20 63 8
20 84 2
20 88 0
20 97 0
20 103 0
20 106 0
20 127 1
20 160 0
20 177 2
20 197 2
20 220 0
20 268 0
20 291 0
20 301 0
20 303 0
20 312 0
20 394 0
20 490 0
464 15 0
228 1 0
228 4 0
307 340 0
208 4 0
208 9 0
47 2 0
47 20 0
47 32 0
47 37 0
47 125 0
47 131 0
47 166 0
47 171 0
47 488 0
47 495 0
406 21 0
168 158 0
168 340 0
11 0 0
11 1 8
11 2 5
11 4 7
11 5 5
11 9 4
11 10 8
11 15 0
11 25 6
11 27 4
11 30 5
11 33 1
11 34 0
11 41 1
11 52 0
11 56 3
11 104 0
11 125 0
11 154 0
11 155 1
11 353 0
11 377 0
114 0 0
114 1 0
114 9 0
114 13 2
114 25 1
114 72 1
114 138 0
114 146 0
114 159 0
114 268 0
117 1 0
117 3 0
117 15 0
117 20 0
117 23 0
117 60 0
117 63 0
117 127 0
117 160 0
201 56 0
154 1 2
154 5 0
154 10 2
154 32 0
154 56 2
154 150 0
154 249 0
154 293 0
154 485 0
268 1 0
268 4 0
268 100 0
268 182 0
92 40 0
92 186 0
257 2 0
257 9 0
57 0 3
57 2 3
57 4 3
57 5 0
57 17 3
57 312 0
57 353 0
341 0 0
341 1 0
341 25 0
341 55 0
341 156 0
341 165 0
341 235 0
341 254 0
449 7 0
449 135 0
442 27 0
442 44 0
83 4 3
83 10 3
83 21 2
83 25 0
83 44 0
83 163 2
83 315 0
41 0 1
41 1 0
41 2 0
41 3 0
41 4 0
41 7 1
41 8 0
41 9 0
41 10 0
41 11 1
41 20 0
41 26 0
41 27 0
41 28 0
41 33 1
41 37 0
41 58 0
41 89 0
41 153 0
41 159 0
41 357 0
224 0 0
224 57 0
273 2 0
273 3 0
273 8 0
273 49 0
273 58 0
273 70 0
273 77 0
273 229 0
273 262 0
106 2 0
106 455 0
439 19 0
274 147 0
241 0 0
46 38 0
108 8 0
108 21 0
108 22 0
108 25 0
108 83 0
108 101 0
108 123 0
108 233 0
227 0 0
227 32 0
227 104 0
227 111 0
227 114 0
160 60 0
160 64 0
160 103 0
160 197 0
28 4 0
28 5 0
28 8 0
28 10 0
28 15 0
28 17 0
28 18 0
28 38 0
285 3 0
285 11 0
285 29 0
285 30 0
285 32 0
285 42 0
285 165 0
285 234 0
54 0 0
54 1 0
54 2 0
54 4 0
54 9 0
54 15 0
54 47 0
54 57 0
54 182 0
54 222 0
43 0 0
43 1 0
43 2 0
43 4 0
43 8 0
43 13 0
43 15 0
43 19 0
43 21 0
43 23 0
43 34 0
43 37 1
43 42 0
43 56 0
43 68 0
43 79 0
43 85 0
43 104 0
43 112 0
43 118 0
43 141 0
43 182 0
43 313 1
279 66 0
279 94 0
73 0 1
73 1 0
73 3 1
73 20 0
73 63 0
73 127 0
356 4 0
356 10 0
356 39 0
356 52 0
356 63 0
27 0 7
27 1 0
27 4 9
27 5 0
27 8 0
27 10 9
27 11 4
27 16 0
27 17 5
27 18 0
27 21 6
27 23 4
27 24 4
27 25 6
27 28 0
27 30 4
27 42 1
27 44 0
27 47 0
27 52 0
27 63 0
27 84 3
26 0 0
26 2 5
26 4 4
26 8 3
26 9 0
26 17 0
26 18 0
26 29 3
26 49 2
26 52 3
26 141 0
26 380 0
38 5 0
15 0 6
15 1 6
15 2 6
15 4 7
15 5 6
15 8 5
15 18 0
15 23 4
15 26 0
15 28 0
15 31 4
15 58 0
15 81 0
15 88 0
15 135 0
15 200 0
15 258 0
161 1 0
161 2 0
161 5 0
161 8 0
161 78 0
161 114 0
5 0 12
5 1 13
5 3 8
5 4 13
5 8 8
5 10 14
5 11 5
5 15 6
5 17 5
5 21 7
5 23 6
5 24 4
5 29 7
5 30 6
5 31 5
5 38 0
5 39 0
5 52 4
5 56 3
5 60 0
5 62 0
5 73 0
5 133 0
5 134 0
5 151 0
5 215 0
5 305 0
5 377 0
5 451 0
5 455 0
5 475 0
32 0 0
32 1 2
32 4 1
32 5 0
32 30 1
32 46 0
32 48 0
32 94 0
32 228 0
32 253 0
32 259 0
153 19 0
153 73 0
68 0 0
68 2 0
68 9 0
68 20 0
68 102 0
68 127 0
68 262 0
234 2 0
234 9 0
34 0 0
34 4 0
34 5 0
34 7 0
34 9 0
34 13 0
34 18 0
34 24 0
34 38 0
34 114 0
34 127 0
34 215 0
34 305 0
34 341 0
213 134 0
315 4 3
315 10 3
315 21 2
315 163 2
240 8 0
240 10 0
240 174 0
157 105 0
333 268 0
431 1 0
19 0 0
19 1 1
19 4 1
19 10 0
19 89 0
19 118 0
19 153 0
19 200 0
19 439 0
19 473 0
53 0 2
53 1 0
53 4 0
53 5 0
53 8 0
53 10 0
53 29 1
53 35 0
53 37 0
53 49 1
53 60 0
53 156 0
53 178 0
53 299 0
53 377 0
72 4 0
72 5 0
72 13 1
72 17 0
72 27 0
72 43 0
72 53 0
72 106 0
72 114 1
72 131 0
72 268 0
170 7 0
446 55 0
435 13 0
435 60 0
435 117 0
435 160 0
71 0 0
71 2 0
276 2 0
276 9 0
276 155 0
59 0 1
59 4 0
59 5 0
59 21 0
59 24 1
59 32 0
59 101 0
59 155 0
59 203 0
59 213 0
286 4 0
17 0 7
17 1 6
17 2 5
17 4 9
17 5 5
17 8 0
17 9 0
17 10 8
17 16 0
17 19 0
17 21 5
17 22 0
17 24 0
17 27 5
17 37 0
17 47 0
17 57 3
17 67 0
17 72 0
17 84 3
17 131 0
17 184 0
17 495 0
146 1 0
146 3 0
146 4 0
146 20 0
146 22 0
146 31 0
146 38 0
146 43 0
146 63 0
146 127 0
146 255 0
146 268 0
207 0 1
207 2 1
207 73 0
207 104 0
31 0 0
31 1 6
31 2 4
31 4 5
31 5 5
31 10 5
31 11 0
31 12 0
31 13 0
31 15 4
31 21 0
31 22 0
31 23 0
31 26 0
31 27 0
31 30 3
31 32 0
31 52 0
31 61 0
31 102 0
31 151 0
291 139 0
291 301 0
67 0 0
67 2 0
67 28 0
175 188 0
139 11 0
139 92 0
139 158 0
305 0 0
378 4 0
4 0 21
4 1 19
4 2 18
4 3 13
4 5 13
4 7 3
4 8 10
4 9 3
4 10 20
4 11 7
4 13 4
4 15 7
4 17 9
4 18 0
4 19 1
4 21 10
4 23 9
4 24 5
4 25 9
4 26 4
4 27 9
4 31 5
4 32 1
4 39 5
4 44 0
4 49 5
4 52 7
4 57 3
4 62 2
4 63 8
4 66 0
4 69 1
4 83 3
4 84 3
4 95 0
4 104 2
4 106 0
4 123 1
4 134 0
4 135 0
4 154 0
4 163 3
4 190 0
4 213 0
4 225 2
4 228 0
4 268 0
4 286 0
4 290 0
4 315 3
349 13 0
349 44 0
263 10 0
89 1 0
89 4 0
89 19 0
89 23 0
89 41 0
89 123 0
89 153 0
89 473 0
138 0 0
138 2 0
138 3 0
138 4 0
138 23 0
138 43 0
138 166 0
138 268 0
138 303 0
128 16 0
128 27 0
128 32 0
128 44 0
128 47 0
128 49 0
128 52 0
128 105 0
351 101 0
498 29 0
403 2 0
156 0 0
156 8 0
156 13 0
156 60 0
156 117 0
156 135 0
156 160 0
156 180 0
60 10 2
60 21 2
60 29 2
60 50 0
60 160 0
60 260 0
75 0 0
75 22 0
75 55 0
75 65 0
75 138 0
384 0 0
384 7 0
304 48 0
365 10 0
365 33 0
365 37 0
155 9 1
155 11 1
155 21 0
9 0 0
9 1 6
9 2 6
9 4 3
9 8 0
9 11 4
9 15 0
9 16 0
9 20 4
9 23 0
9 29 2
9 32 0
9 34 0
9 35 0
9 40 3
9 48 0
9 54 0
9 57 0
9 62 0
9 71 0
9 100 0
9 108 0
9 109 0
9 125 0
9 135 0
9 155 1
9 158 0
9 159 1
9 182 0
9 197 2
9 220 0
9 410 0
124 2 0
225 3 1
225 4 2
225 10 0
225 39 0
225 59 0
225 85 1
225 104 2
225 207 0
147 3 0
147 11 0
147 23 0
147 115 0
24 0 5
24 4 5
24 5 4
24 8 0
24 11 0
24 13 0
24 21 3
24 23 4
24 27 4
24 59 1
24 394 0
443 158 0
132 0 0
132 3 0
132 10 0
132 18 0
132 22 0
132 35 0
132 168 0
132 254 0
102 0 0
102 2 0
102 20 0
102 37 0
102 52 0
102 61 0
102 127 0
102 200 0
102 262 0
413 112 0
56 1 4
56 4 0
56 5 3
56 10 4
56 11 3
56 25 0
56 48 0
56 104 0
56 154 2
56 249 0
56 293 0
7 0 4
7 1 2
7 2 0
7 4 3
7 27 0
7 31 0
7 34 0
7 39 2
7 41 1
7 47 0
7 48 0
7 52 0
7 145 0
7 149 0
7 384 0
70 1 0
70 4 0
70 5 0
70 15 0
70 21 0
70 23 0
70 30 0
70 137 0
70 296 0
179 1 0
179 214 0
243 3 0
243 4 0
243 29 0
243 32 0
269 25 0
269 29 0
269 30 0
269 101 0
453 25 0
453 83 0
272 234 0
105 2 0
105 128 0
220 40 0
112 21 0
112 59 0
112 178 0
21 1 8
21 4 10
21 5 7
21 8 6
21 10 12
21 17 5
21 24 3
21 25 5
21 27 6
21 28 0
21 29 6
21 37 2
21 42 1
21 60 2
21 66 0
21 83 2
21 101 1
21 112 0
21 121 0
21 163 0
21 233 0
21 315 2
103 1 0
103 2 0
103 3 0
103 8 0
103 10 0
103 22 0
103 39 0
103 43 0
103 160 0
103 273 0
116 158 0
81 16 0
81 26 0
81 27 0
81 380 0
325 21 0
98 19 0
96 2 0
96 4 0
96 10 0
96 62 0
96 134 0
52 0 8
52 1 0
52 2 6
52 4 7
52 5 4
52 10 7
52 21 0
52 26 3
52 29 6
52 39 4
52 63 6
52 200 1
251 1 0
251 2 0
251 13 0
55 0 1
55 2 0
55 7 0
55 9 0
55 10 0
55 11 0
55 13 1
55 29 0
55 60 0
55 101 0
55 117 0
55 160 0
55 221 0
55 268 0
55 287 0
55 410 0
55 498 0
104 0 1
104 4 2
104 10 0
104 15 0
104 39 0
104 59 0
104 73 0
104 77 0
104 85 1
104 103 0
104 160 0
104 225 2
39 0 7
39 3 0
39 4 5
39 7 2
39 10 6
39 20 4
39 22 4
39 26 0
39 52 4
39 61 0
39 63 6
39 66 0
39 84 0
39 109 0
39 177 0
39 303 0
39 395 0
39 425 0
159 1 2
159 9 1
159 10 1
159 22 0
159 39 0
159 41 0
159 80 0
159 101 0
159 263 0
141 10 0
141 23 0
141 48 0
141 259 0
141 274 0
91 2 0
171 47 0
171 488 0
140 260 0
62 2 2
62 3 2
62 4 2
62 13 0
62 20 0
62 135 0
62 268 0
62 304 0
163 4 3
163 9 0
163 10 3
163 83 2
163 315 2
195 25 0
195 29 0
195 101 0
195 269 0
50 4 0
50 7 0
50 11 0
50 26 0
50 27 0
50 29 0
50 41 0
50 48 0
50 135 0
50 170 0
50 340 0
63 0 11
63 1 8
63 2 9
63 3 9
63 4 8
63 5 0
63 8 8
63 9 0
63 10 11
63 11 0
63 20 8
63 22 5
63 24 0
63 29 7
63 39 6
63 52 6
63 54 0
63 113 0
63 127 0
63 262 0
63 356 0
107 1 1
107 3 0
107 11 0
107 22 0
107 126 1
107 207 0
223 0 0
172 22 0
172 154 0
193 21 0
193 66 0
48 7 0
391 13 0
359 0 0
359 184 0
359 283 0
417 2 0
417 9 0
417 10 0
166 2 0
166 9 0
166 15 0
166 22 0
166 287 0
166 410 0
166 464 0
0 1 18
0 2 17
0 3 18
0 4 21
0 5 12
0 7 4
0 8 10
0 10 17
0 13 5
0 15 6
0 16 0
0 17 7
0 18 0
0 20 10
0 22 5
0 23 8
0 24 5
0 25 10
0 27 7
0 29 10
0 30 7
0 38 0
0 39 7
0 41 1
0 45 0
0 49 5
0 52 8
0 53 2
0 55 1
0 57 3
0 58 5
0 59 1
0 63 11
0 65 0
0 67 0
0 73 1
0 75 0
0 77 3
0 97 0
0 102 0
0 104 1
0 123 1
0 127 1
0 138 0
0 141 0
0 176 0
0 200 1
0 207 1
0 215 0
0 258 0
0 268 0
0 280 0
0 303 0
0 305 0
0 327 0
0 353 0
0 377 0
0 451 0
0 469 0
0 475 0
0 485 0
33 0 0
33 1 0
33 3 0
33 4 0
33 11 1
33 17 0
33 18 0
33 19 0
33 37 0
33 41 1
33 50 0
33 54 0
33 61 0
33 62 0
33 72 0
33 77 0
33 104 0
33 117 0
33 153 0
173 1 0
173 3 0
173 126 0
173 165 0
229 2 2
229 3 2
229 8 2
94 18 0
94 32 0
94 66 0
94 89 0
372 21 0
382 70 0
382 71 0
382 137 0
361 37 0
165 0 0
165 3 0
343 0 0
343 2 0
343 3 1
343 29 0
343 61 1
488 171 0
185 1 0
88 2 0
88 11 0
88 15 0
88 257 0
232 178 0
10 0 17
10 1 19
10 2 15
10 3 14
10 4 20
10 5 14
10 6 0
10 8 10
10 11 8
10 17 8
10 20 10
10 21 12
10 22 5
10 23 6
10 25 10
10 27 9
10 29 11
10 30 8
10 31 5
10 37 2
10 39 6
10 46 0
10 47 0
10 52 7
10 56 4
10 60 2
10 61 2
10 63 11
10 66 0
10 83 3
10 84 5
10 106 0
10 109 0
10 131 0
10 154 2
10 159 1
10 163 3
10 177 2
10 249 0
10 254 0
10 268 0
10 293 0
10 315 3
10 394 0
10 395 0
10 425 0
10 455 0
10 495 0
29 0 10
29 1 10
29 2 10
29 3 8
29 5 7
29 8 9
29 9 2
29 10 11
29 11 0
29 21 6
29 23 0
29 25 6
29 26 3
29 35 0
29 49 0
29 52 6
29 53 1
29 60 2
29 63 7
29 134 0
29 203 0
212 22 0
264 19 0
148 4 0
148 7 0
148 17 0
148 57 0
12 5 0
12 30 0
12 38 0
78 0 0
78 1 0
78 2 0
78 13 0
78 26 0
78 49 0
149 0 0
149 8 0
149 16 0
470 2 0
206 62 0
167 9 0
167 29 0
167 45 0
167 54 0
167 67 0
167 225 0
115 5 0
115 11 0
115 15 0
115 38 0
404 56 0
100 19 0
100 98 0
145 7 0
205 99 0
473 19 0
44 0 0
44 2 0
44 27 0
44 53 0
44 56 0
44 58 0
44 83 0
87 3 0
87 34 0
87 194 0
414 0 0
414 112 0
380 38 0
18 4 0
8 0 10
8 1 11
8 2 11
8 3 10
8 4 10
8 5 8
8 10 10
8 11 0
8 15 5
8 20 6
8 21 6
8 25 0
8 26 3
8 29 9
8 30 0
8 49 0
8 54 0
8 62 0
8 63 8
8 77 0
8 83 0
8 101 1
8 106 0
8 133 0
8 156 0
8 229 2
8 233 0
8 455 0
109 0 0
109 303 0
412 44 0
425 29 0
97 0 0
97 18 0
97 32 0
97 57 0
97 282 0
221 4 0
221 9 0
221 146 0
267 1 0
267 126 0
22 0 5
22 1 0
22 3 4
22 4 0
22 5 0
22 7 0
22 8 0
22 9 0
22 10 5
22 20 5
22 29 0
22 32 0
22 39 4
22 41 0
22 42 0
22 44 0
22 63 5
22 107 0
22 127 0
22 167 0
22 172 0
22 207 0
22 285 0
144 1 1
144 2 1
79 3 0
79 85 0
79 104 0
79 163 0
79 225 0
79 243 0
79 291 0
79 301 0
79 326 0
25 0 10
25 1 11
25 2 8
25 3 9
25 4 9
25 10 10
25 11 6
25 13 5
25 20 0
25 21 5
25 23 0
25 24 0
25 27 6
25 29 6
25 30 6
25 39 0
25 43 0
25 44 0
25 58 4
25 63 0
25 114 1
25 115 0
25 155 0
25 176 0
25 268 0
118 19 0
118 92 0
118 302 0
118 439 0
428 9 0
426 3 0
37 1 2
37 4 0
37 8 0
37 10 2
37 13 0
37 15 0
37 21 2
37 23 0
37 24 0
37 27 0
37 42 0
37 43 1
37 44 0
37 101 0
37 313 1
37 480 0
219 13 0
40 2 2
40 9 3
40 20 3
40 71 0
40 155 0
40 186 0
40 197 2
180 156 0
347 2 0
347 10 0
347 22 0
347 39 0
347 67 0
133 3 0
133 13 0
133 165 0
133 376 0
137 22 0
137 165 0
137 484 0
335 138 0
58 0 5
58 1 5
58 2 5
58 3 5
58 4 0
58 8 0
58 11 0
58 20 4
58 25 4
58 29 0
58 49 0
58 63 0
58 229 0
69 0 0
69 4 1
69 9 0
69 10 0
69 15 0
69 23 1
69 36 0
69 44 0
69 135 0
69 286 0
66 109 0
187 20 0
187 31 0
187 155 0
187 312 0
49 0 5
49 1 4
49 2 6
49 3 5
49 4 5
49 5 0
49 16 0
49 26 2
49 40 0
49 53 1
49 61 2
49 67 0
49 79 0
49 163 0
49 243 0
49 326 0
255 5 0
255 377 0
340 168 0
340 307 0
340 344 0
231 19 0
231 22 0
231 77 0
231 368 0
296 5 0
296 38 0
101 0 0
101 1 0
101 7 0
101 8 1
101 9 0
101 11 0
101 21 1
101 25 0
101 29 0
101 83 0
101 125 0
101 233 0
509 259 0
2 0 17
2 1 17
2 3 15
2 4 18
2 5 0
2 8 11
2 9 6
2 10 15
2 11 5
2 15 6
2 17 5
2 20 9
2 21 0
2 23 5
2 24 0
2 25 8
2 26 5
2 27 0
2 29 10
2 31 4
2 32 0
2 34 0
2 40 2
2 48 0
2 49 6
2 52 6
2 57 3
2 58 5
2 61 3
2 62 2
2 63 9
2 71 0
2 73 0
2 80 0
2 104 0
2 124 0
2 125 0
2 134 0
2 135 0
2 144 1
2 155 0
2 207 1
2 229 2
2 257 0
2 309 0
355 35 0
467 28 0
373 9 0
197 9 2
197 13 0
197 20 2
197 40 2
197 160 0
197 220 0
23 0 8
23 2 5
23 3 5
23 4 9
23 5 6
23 10 6
23 15 4
23 18 0
23 24 4
23 27 4
23 32 0
23 39 0
23 44 0
23 69 1
23 101 0
23 123 0
23 362 0
317 4 0
