197 479 1
380 81 1
327 1 1
111 227 1
8 63 2
268 62 1
182 1 1
2 78 1
312 57 1
153 123 1
20 162 1
49 58 1
13 20 1
0 55 1
20 58 1
3 2 4
102 1 1
31 15 1
3 147 1
7 22 1
63 117 1
30 262 1
1 89 1
21 406 1
44 25 1
17 57 2
24 21 1
33 41 1
10 104 2
469 0 1
23 84 1
127 0 1
1 33 1
26 31 1
8 45 1
5 53 1
27 72 1
103 104 1
12 30 1
94 32 1
5 70 1
62 9 3
10 19 1
254 127 1
25 3 2
210 1 1
53 0 1
1 58 2
4 17 6
7 4 1
29 55 1
52 200 1
54 33 1
19 1 4
2 91 1
58 44 1
61 49 1
207 22 1
15 117 1
0 109 1
32 113 1
15 69 1
25 4 1
275 3 1
22 166 1
485 3 1
22 17 1
216 13 1
56 1 1
37 33 1
5 72 1
81 15 1
155 186 1
159 41 1
0 19 1
220 9 1
38 0 1
60 117 1
25 13 2
10 347 1
127 63 1
1 52 1
72 114 1
4 7 1
26 52 1
29 9 1
253 32 1
2 45 1
5 32 1
19 439 1
155 2 1
451 5 1
0 123 1
2 403 1
25 101 2
178 112 1
3 103 1
63 1 2
1 13 3
235 341 1
9 221 1
29 2 3
41 7 1
64 160 1
27 84 2
177 10 1
158 116 1
15 64 1
0 114 1
23 0 7
153 33 1
10 55 1
31 64 1
21 37 1
9 373 1
57 97 1
22 75 1
25 341 1
8 240 1
2 63 3
160 197 1
0 73 1
24 127 1
23 25 1
134 4 1
106 10 1
2 276 1
3 85 1
73 153 1
1 31 1
36 84 1
26 1 4
0 29 3
29 20 1
19 473 1
225 167 1
101 23 1
84 177 1
20 3 6
207 0 1
64 45 1
156 8 1
1 228 1
146 114 1
57 2 1
4 84 2
178 53 1
11 10 1
39 7 1
495 10 1
225 79 1
26 8 3
11 155 1
19 43 1
2 49 2
6 10 1
5 4 9
79 13 1
30 20 2
17 1 3
0 71 1
20 10 1
42 27 1
9 287 1
67 17 1
13 85 2
159 10 1
4 83 2
8 22 2
11 3 2
214 179 1
258 15 1
8 229 2
172 22 1
37 102 1
2 8 7
24 37 1
5 13 1
30 31 2
25 108 1
215 1 1
56 43 1
55 13 1
498 55 1
13 78 1
70 1 1
18 27 1
182 9 1
203 29 1
8 29 1
11 56 1
67 167 1
33 11 1
2 144 1
10 240 1
52 128 1
2 470 1
2 3 11
104 207 1
25 58 2
109 66 1
312 20 1
42 13 1
25 83 1
39 93 1
5 296 1
8 4 2
32 154 1
72 33 1
112 413 1
4 208 1
61 1 1
83 108 1
286 4 1
15 5 1
2 26 1
62 96 1
49 29 1
0 44 3
20 39 1
3 41 1
25 84 1
127 102 1
114 25 1
4 72 1
21 113 1
15 2 4
382 3 1
37 17 1
163 315 1
27 7 1
52 5 1
2 347 1
67 13 2
18 4 1
22 137 1
71 9 1
1 117 1
15 11 1
19 231 1
24 1 2
101 61 1
123 0 1
0 58 5
3 23 1
134 213 1
138 335 1
13 114 1
127 20 1
4 62 1
43 13 1
154 56 1
46 10 1
104 13 2
268 0 1
1 78 1
25 269 1
29 195 1
305 13 1
108 9 1
151 31 1
27 21 2
10 103 1
49 0 4
160 13 1
215 34 1
186 92 1
0 49 2
4 59 1
31 1 1
200 3 1
327 0 1
163 21 1
3 173 1
4 37 2
225 13 1
274 287 1
22 10 1
83 8 1
34 9 1
20 84 1
163 49 1
165 285 1
3 5 1
7 384 1
89 19 1
3 162 1
3 146 1
22 146 1
154 10 1
0 5 5
8 416 1
293 10 3
41 33 2
22 13 1
106 8 1
10 134 2
139 291 1
37 53 1
4 322 1
123 23 1
395 10 1
112 43 1
0 15 8
38 28 1
3 10 1
127 3 1
1 32 4
20 177 1
488 171 1
4 43 2
29 61 1
234 272 1
5 52 1
119 186 1
69 23 1
15 111 1
1 287 1
59 1 1
158 168 1
39 159 1
25 2 1
171 47 1
22 172 1
144 90 1
2 88 1
3 273 1
22 31 1
5 61 1
133 8 1
7 148 1
29 167 1
4 254 1
176 0 1
10 27 1
13 62 1
109 10 1
77 33 1
25 11 2
4 25 2
32 285 1
66 279 1
5 38 1
44 442 1
117 156 1
47 10 1
305 34 1
0 101 1
19 118 1
40 220 1
10 2 4
105 128 1
13 55 1
0 20 3
1 154 3
55 75 1
2 52 1
63 27 1
50 60 1
72 17 1
1 11 1
4 0 8
43 103 1
135 64 1
29 8 1
30 174 1
303 20 1
56 154 1
4 69 1
258 0 1
101 21 1
37 41 1
117 55 1
23 10 1
84 20 1
60 13 1
25 21 2
63 0 1
28 467 1
32 97 1
0 341 1
4 15 2
29 1 4
79 49 1
9 410 1
262 68 1
30 32 1
23 3 1
134 2 1
10 52 2
32 9 1
257 2 1
25 30 1
47 171 2
283 184 1
11 31 1
1 5 5
221 55 1
9 197 1
29 26 3
5 17 3
262 63 1
31 187 1
16 128 1
42 22 1
23 24 1
153 41 1
134 5 1
10 63 3
102 68 1
13 34 1
127 68 1
11 20 2
13 435 1
1 30 3
275 30 1
21 83 1
100 9 1
11 101 1
233 21 1
17 126 1
2 55 2
115 25 1
27 37 1
170 50 2
147 274 1
25 127 1
171 488 1
57 1 2
4 85 2
353 0 1
72 13 1
19 368 1
4 24 7
44 83 1
273 13 1
5 3 4
61 102 1
9 64 1
11 235 1
17 0 3
473 19 1
39 356 1
155 158 1
11 376 1
32 30 1
52 356 1
18 33 1
83 163 1
19 264 1
7 449 1
11 2 3
107 22 1
0 305 1
21 101 2
11 147 1
15 54 1
2 9 3
5 12 1
194 87 1
215 0 1
56 44 1
3 58 3
107 126 2
171 119 1
39 52 1
233 8 1
2 0 7
9 114 1
141 0 1
20 25 1
28 41 1
180 156 3
25 195 1
8 5 2
7 55 1
63 42 1
268 20 1
89 94 1
35 355 1
273 103 1
112 414 1
9 234 1
15 4 2
73 5 1
139 158 1
177 39 1
52 63 4
0 45 1
10 5 3
113 63 1
166 3 1
377 53 1
160 104 1
39 85 1
138 114 1
11 41 1
144 1 1
0 262 1
21 112 4
48 50 1
15 13 1
3 343 1
24 59 1
150 154 1
249 154 1
20 47 1
64 1 1
127 117 1
119 184 1
21 8 3
60 53 1
25 453 1
268 10 1
58 15 1
21 121 1
9 20 2
27 44 1
17 84 1
24 2 1
27 31 1
203 61 1
141 43 1
52 13 1
0 59 2
3 22 3
77 3 3
97 282 1
21 17 2
4 63 4
8 58 2
7 34 1
303 109 1
1 77 1
44 37 1
9 29 1
48 32 1
1 267 1
101 37 1
13 25 1
11 127 1
376 158 1
47 128 1
30 285 1
1 70 1
305 5 1
1 268 1
24 16 1
0 9 2
185 3 1
166 47 1
23 89 1
37 365 1
305 1 1
154 11 1
268 55 1
179 1 1
290 4 1
475 0 1
133 5 1
44 27 1
262 102 1
70 382 1
291 127 1
19 98 1
293 154 1
24 23 2
44 349 1
62 4 2
10 22 1
52 26 1
55 127 1
3 13 3
25 56 1
410 9 1
4 20 1
9 167 1
283 119 1
29 60 1
47 7 1
0 104 2
46 32 1
59 0 2
10 17 1
13 4 1
0 7 1
43 25 1
25 1 1
63 20 2
1 185 1
1 56 2
2 166 1
4 19 2
10 294 1
29 53 1
19 3 2
4 162 1
229 3 2
5 77 2
372 64 1
29 343 1
106 20 1
0 30 5
25 10 1
63 29 1
32 84 2
1 49 2
2 161 1
4 26 1
16 13 1
4 190 1
168 344 1
9 34 1
0 102 1
56 3 1
37 47 1
59 30 1
10 3 5
30 70 1
4 33 1
135 50 1
7 204 1
13 391 1
0 132 1
1 10 2
4 1 18
315 163 1
26 50 1
19 17 1
2 43 1
97 111 1
79 43 1
27 81 1
83 44 1
17 27 1
56 10 1
131 47 1
42 37 2
23 5 2
377 5 1
1 146 1
4 235 2
63 3 2
11 25 4
1 3 17
4 8 1
26 61 1
29 0 3
54 8 1
5 23 1
47 27 1
17 28 1
20 127 2
23 2 4
10 53 1
0 227 1
455 8 1
4 96 1
60 5 1
25 29 1
63 8 1
11 30 2
377 255 1
1 4 10
2 138 1
77 273 1
26 4 1
100 3 1
29 25 3
54 3 2
2 61 3
17 21 1
0 75 1
41 159 1
23 27 1
10 60 2
84 27 2
32 1 3
395 39 1
3 87 1
1 29 1
22 64 1
26 15 1
73 104 1
165 13 1
222 54 1
10 84 1
85 225 1
4 228 1
23 16 1
9 276 1
45 3 1
10 39 3
103 1 1
315 10 1
35 53 3
0 241 1
57 0 1
38 34 1
8 17 1
85 13 3
50 33 1
1 22 3
39 1 1
149 150 1
19 45 1
2 15 1
5 2 3
47 54 1
182 268 1
29 269 1
32 31 1
0 200 3
57 9 1
8 24 1
63 39 1
11 5 1
160 435 1
32 253 1
197 40 1
54 20 1
274 141 1
5 11 2
27 50 1
13 251 1
15 166 1
58 273 1
3 61 1
77 30 1
43 146 1
0 99 1
10 41 1
174 240 1
32 22 1
0 207 2
135 4 1
11 58 1
97 20 1
11 139 1
73 3 1
2 1 10
4 378 1
27 11 1
49 26 1
340 50 1
155 187 1
62 206 1
229 273 1
13 0 1
126 107 1
21 5 2
67 347 1
89 93 1
2 105 1
22 108 1
61 31 1
8 149 1
394 24 1
13 156 1
260 60 1
490 20 1
27 0 1
103 160 1
35 64 1
294 85 1
249 1 1
303 233 1
101 195 1
8 13 1
282 97 1
104 1 2
304 62 1
16 61 1
144 2 2
53 72 1
1 114 2
2 96 1
21 127 1
22 103 1
8 156 1
118 43 1
38 296 1
27 25 1
52 7 1
20 40 1
104 43 1
249 10 2
32 59 1
39 77 1
4 49 2
117 3 2
11 33 3
200 102 1
29 200 1
394 10 1
268 333 1
2 417 1
24 3 1
27 30 1
101 59 1
13 31 1
39 63 2
3 25 1
104 85 2
160 103 1
107 93 1
127 22 1
203 59 1
4 56 1
302 118 1
92 139 1
22 113 1
156 341 1
106 174 1
52 102 1
37 1 1
2 44 1
27 23 2
13 24 1
163 10 1
20 62 1
3 30 4
43 247 1
137 382 1
31 3 3
38 115 1
21 25 1
4 39 3
225 3 1
154 1 1
63 73 1
58 30 1
83 10 1
34 7 1
37 10 2
24 17 1
62 2 1
176 25 1
178 80 1
287 13 1
0 10 5
20 197 1
160 117 1
70 93 1
73 207 1
225 4 1
8 41 1
340 307 1
326 79 1
2 68 1
58 25 2
22 3 1
26 78 1
155 59 1
33 365 1
480 37 1
62 5 1
10 23 1
52 27 1
0 1 13
283 359 1
303 138 1
21 43 1
4 21 4
5 161 1
9 166 1
103 20 1
3 1 13
9 55 3
59 3 2
464 166 1
10 30 1
13 3 1
197 294 1
0 24 2
309 2 1
3 117 2
131 72 2
25 0 5
2 54 1
28 27 1
32 94 1
18 97 1
1 63 3
21 52 1
22 162 1
7 1 2
29 52 2
5 27 1
303 0 1
4 163 1
5 59 1
8 273 2
7 150 1
155 9 2
229 2 1
59 24 1
10 25 3
105 157 1
0 31 4
38 12 2
149 7 1
22 248 1
39 103 1
4 27 4
207 107 1
9 208 1
135 69 1
485 0 1
54 63 1
22 20 2
44 1 1
10 177 1
104 225 1
158 9 1
34 43 1
17 33 1
23 15 1
135 156 1
10 0 2
67 49 1
0 22 2
146 13 1
259 141 1
85 104 2
1 9 3
21 70 1
4 2 4
2 40 2
8 287 1
27 80 1
485 154 1
286 69 1
17 26 1
56 11 1
40 197 1
32 243 1
23 4 3
62 33 1
10 11 3
9 4 2
2 257 2
23 117 1
63 2 1
11 24 1
83 453 1
0 343 1
0 156 1
1 2 7
165 137 1
4 9 3
25 233 1
54 9 1
5 22 1
27 41 1
10 163 1
66 4 1
166 138 1
23 29 1
156 53 1
104 56 1
232 13 1
39 104 1
1 27 1
7 101 1
340 168 1
15 37 1
2 58 4
439 19 2
169 64 1
5 31 1
62 64 1
135 449 1
141 26 1
10 61 1
49 78 1
32 2 2
160 55 1
159 1 2
18 45 1
4 104 3
60 29 2
285 22 1
268 114 1
114 72 1
97 0 1
13 43 1
154 121 1
5 24 1
10 85 2
58 41 1
0 67 1
40 186 1
368 231 1
67 45 1
344 340 1
2 234 1
21 233 1
56 201 1
1 21 3
39 0 1
4 138 1
15 43 1
5 1 10
30 27 1
215 5 1
15 88 3
66 94 1
131 10 1
135 2 1
2 229 2
425 39 1
11 4 3
313 43 2
165 173 1
32 254 1
125 47 1
2 7 1
5 10 7
38 194 1
21 325 1
263 61 1
32 23 1
57 17 1
203 30 1
3 77 2
95 4 1
8 0 3
28 67 1
11 61 1
107 1 1
1 103 1
21 108 1
73 2 1
5 115 1
27 10 1
30 5 1
111 90 1
43 138 1
67 0 1
21 4 4
9 159 2
11 50 1
158 376 1
2 102 1
13 294 1
37 21 1
2 25 1
117 33 1
151 13 1
101 8 1
30 12 1
127 146 1
1 192 1
21 13 1
101 351 1
104 2 1
268 13 1
21 59 2
58 2 3
225 104 1
9 17 1
10 225 1
59 225 1
27 24 1
138 13 1
52 0 1
20 41 1
77 8 1
64 3 1
184 359 1
4 50 1
60 55 1
8 53 1
7 39 1
268 4 1
9 26 1
15 20 2
24 4 12
27 17 1
0 61 5
1 161 1
77 1 2
23 69 1
301 291 1
31 5 1
0 359 1
260 140 1
21 31 1
4 57 3
58 20 2
9 3 2
83 4 1
268 146 1
0 52 4
20 63 3
168 64 1
207 225 1
28 15 2
31 2 5
53 49 1
1 43 1
57 54 1
21 24 1
4 32 2
104 0 2
41 61 1
7 170 1
10 154 1
376 1 1
131 123 1
126 173 1
80 159 1
62 3 1
301 79 1
52 29 2
0 11 2
1 179 1
132 85 1
106 72 1
40 1 1
63 113 1
1 93 1
22 0 2
9 13 2
19 100 1
24 25 1
100 268 1
10 20 4
0 2 16
21 372 1
49 128 1
200 52 1
1 37 1
21 42 5
4 22 1
26 39 1
65 0 1
29 58 1
30 269 1
16 17 1
5 49 2
9 54 2
15 104 1
163 83 1
10 31 1
0 25 6
309 1 1
135 62 1
18 94 1
20 187 1
3 133 1
13 479 1
7 0 2
282 84 1
315 4 1
26 81 1
7 145 1
0 97 1
376 133 1
17 184 1
25 8 3
21 60 2
167 45 3
26 41 1
10 356 1
97 84 1
8 174 2
138 75 1
451 0 1
291 20 1
294 3 1
10 1 4
0 254 1
0 23 6
1 159 4
95 61 1
63 4 1
249 56 1
63 22 1
0 134 1
1 8 4
3 243 1
4 3 7
29 5 1
158 443 1
73 123 1
2 41 1
4 146 1
9 41 1
66 10 1
16 149 1
0 127 2
131 17 1
3 229 1
10 8 1
377 11 1
106 4 1
1 144 1
3 107 1
4 123 1
45 167 3
11 27 1
39 20 1
4 10 5
29 30 1
85 43 1
70 192 1
41 11 1
22 39 1
5 21 1
301 20 1
163 79 1
187 85 1
25 114 2
158 139 1
35 9 1
455 10 1
40 92 2
24 235 2
353 11 1
8 101 2
63 10 1
254 341 1
3 225 1
26 2 3
303 39 1
362 250 1
19 33 2
5 30 2
343 61 1
0 77 1
20 0 1
77 113 1
42 21 2
156 13 1
32 3 1
23 138 1
8 108 1
9 63 1
126 267 1
1 19 1
39 10 4
83 84 1
104 79 1
287 166 1
134 96 1
410 287 1
287 55 1
0 68 1
3 49 1
4 286 1
117 435 1
45 1 1
10 37 1
159 9 1
1 251 1
384 7 1
60 21 3
391 479 1
9 101 1
71 40 1
1 20 7
5 255 1
26 20 1
48 9 1
359 184 1
15 42 1
39 23 1
292 247 1
4 11 3
5 0 7
190 4 1
301 127 1
17 5 1
20 22 1
21 315 1
23 43 1
156 3 1
18 28 1
40 49 1
8 26 2
135 9 1
32 128 1
312 187 1
59 85 1
477 181 1
44 69 1
22 347 1
394 20 1
125 9 1
2 4 5
30 3 6
18 132 1
3 63 1
4 268 1
28 45 1
89 41 1
10 132 1
18 23 1
55 446 1
114 227 1
4 70 1
43 37 1
8 1 10
10 365 1
431 1 1
147 3 1
22 107 1
48 7 1
2 31 3
439 118 1
4 356 1
30 10 3
63 356 1
197 160 1
0 41 2
167 22 1
9 417 1
29 285 1
32 47 1
61 343 1
7 48 1
233 101 1
3 138 1
1 127 1
2 103 1
15 1 4
55 341 1
27 2 1
101 55 1
88 20 1
126 1 1
0 32 1
21 155 1
153 19 1
0 223 1
2 207 1
20 146 1
4 52 1
8 15 3
7 41 1
282 111 1
9 250 1
104 3 1
58 3 2
70 273 1
2 17 10
151 5 1
10 113 1
0 39 2
2 343 1
455 5 1
18 0 1
228 4 1
1 73 1
57 148 1
41 50 1
280 0 1
154 172 1
379 1 1
15 23 2
184 17 2
24 5 1
315 83 1
49 273 1
49 3 2
123 4 2
77 0 1
31 4 1
56 5 1
200 0 1
40 20 3
22 132 1
154 4 1
11 88 1
71 2 1
99 205 1
9 2 7
13 133 1
15 28 1
19 89 2
20 73 1
49 4 1
160 1 1
0 53 3
101 64 1
3 0 3
102 3 1
213 4 1
22 159 1
225 1 1
61 33 1
9 11 1
268 138 1
41 77 1
63 146 1
49 61 1
177 64 1
299 53 1
410 13 1
31 10 1
40 2 2
8 43 1
9 163 1
98 100 1
16 27 1
475 5 1
4 89 1
43 313 1
44 22 1
83 21 3
66 39 1
357 41 1
145 7 1
10 21 4
30 80 1
0 3 12
114 161 1
155 276 1
28 30 1
40 9 2
4 23 2
125 101 1
8 161 1
10 141 2
343 3 1
71 382 1
55 192 1
20 102 1
10 28 1
13 1 2
0 26 1
21 193 1
160 20 1
11 115 1
28 21 2
3 132 1
7 3 1
10 293 1
29 50 1
32 282 1
16 9 1
19 4 2
293 56 1
168 340 1
5 57 1
44 4 1
155 11 1
178 232 1
35 132 1
59 112 1
134 29 1
0 17 7
121 3 1
268 72 1
1 54 1
165 133 1
114 34 1
4 5 4
11 125 1
16 0 1
19 13 1
2 47 1
4 148 1
5 34 2
44 3 1
104 227 1
4 315 1
23 9 1
26 287 1
104 33 1
380 26 1
38 5 2
53 29 1
1 15 4
75 0 1
39 30 1
4 28 1
5 154 1
26 49 2
315 21 1
9 40 1
155 25 1
177 20 1
13 219 1
15 70 1
254 10 1
54 167 1
165 341 1
39 134 1
1 0 8
21 77 1
60 435 1
101 159 1
11 107 1
3 4 4
254 13 1
42 43 2
23 31 2
13 37 1
220 20 1
39 191 1
262 273 1
65 75 1
48 141 1
29 101 2
0 149 1
1 25 3
26 3 1
29 22 1
125 2 1
22 63 1
5 29 3
159 114 1
17 10 1
0 78 1
20 1 4
32 4 2
2 273 2
38 46 1
22 212 1
11 8 1
29 425 1
1 431 1
37 313 1
39 5 1
79 3 1
10 83 2
52 39 2
0 69 1
455 106 1
20 8 2
296 70 1
45 0 2
160 64 1
18 34 1
21 247 1
8 20 3
11 1 1
313 37 1
1 107 1
495 17 1
150 3 1
2 71 1
11 158 2
2 10 1
5 15 1
9 68 1
30 25 2
17 4 5
39 352 1
207 2 1
101 108 1
127 73 1
70 3 2
77 231 1
42 285 1
8 27 1
255 146 1
243 49 1
61 10 1
83 101 1
12 31 1
128 105 1
5 8 3
10 69 1
30 0 2
31 146 1
3 62 1
307 340 1
3 79 2
8 2 10
11 63 2
268 25 2
1 101 1
61 3 5
48 56 1
16 81 1
52 61 1
73 0 1
259 32 1
11 285 1
30 11 2
55 1 1
3 39 1
18 15 1
21 2 2
8 9 1
1 126 1
168 132 1
4 221 1
225 85 1
29 243 1
39 225 1
15 0 4
2 23 1
138 0 1
49 16 1
0 33 1
1 341 1
77 13 1
102 31 1
200 19 1
4 53 1
46 253 1
104 4 1
23 141 1
182 54 1
2 127 2
58 0 3
11 119 1
13 349 1
15 9 1
20 68 1
41 89 1
24 63 1
484 137 1
52 2 1
8 10 2
31 30 1
57 42 1
114 13 1
353 57 1
10 263 1
104 11 1
146 221 1
15 90 1
10 150 1
12 3 1
160 156 1
197 9 1
17 72 2
0 384 1
10 121 1
49 2 3
45 30 1
52 11 1
0 63 1
156 127 1
85 79 1
31 7 1
94 279 1
21 29 2
42 313 2
425 10 1
2 113 3
61 39 1
9 1 5
305 0 1
2 13 1
34 11 1
15 31 2
10 96 1
341 77 1
0 54 1
2 294 1
102 0 1
0 165 1
1 41 2
4 34 1
8 37 1
80 2 1
34 2 1
0 414 1
163 4 1
24 20 1
27 442 1
469 1 1
52 31 1
21 27 3
0 13 2
92 118 1
3 8 4
10 417 1
200 15 1
37 361 1
257 88 1
4 41 2
44 128 1
391 294 1
29 63 1
2 67 1
3 294 1
259 509 1
133 1 1
44 23 2
137 70 1
39 347 1
24 27 1
62 8 1
49 53 1
0 4 9
22 352 1
4 18 1
48 304 1
29 498 1
5 174 1
10 315 1
263 159 1
234 285 1
2 90 1
5 63 1
500 3 1
56 121 1
10 29 2
84 4 1
488 47 1
10 159 1
0 27 3
66 193 1
124 2 1
200 61 1
0 138 1
4 31 3
228 32 1
118 19 1
36 69 1
41 22 1
5 56 1
156 180 1
362 23 1
15 115 1
326 49 1
4 317 1
11 9 1
10 4 4
473 89 1
38 3 1
63 25 2
1 53 1
115 147 1
29 10 1
112 21 2
68 43 1
3 285 1
229 8 1
47 17 1
69 4 1
37 43 2
20 117 1
38 380 1
3 426 1
60 156 1
153 89 1
84 10 1
377 0 1
35 29 1
0 233 1
22 192 1
0 8 1
32 111 1
94 253 1
39 25 2
4 13 2
243 79 1
188 175 1
29 3 4
15 464 1
41 0 1
123 89 1
158 119 1
112 247 1
23 1 3
84 17 1
30 77 1
160 60 1
0 224 1
146 3 1
60 10 2
101 269 1
11 29 3
25 27 1
127 34 1
1 7 1
39 22 1
2 62 1
174 3 1
27 42 1
10 174 2
229 58 2
8 103 1
63 52 1
121 21 1
2 134 1
4 243 1
43 72 1
29 21 1
19 35 1
2 57 1
46 20 1
5 28 1
44 412 1
20 2 2
10 56 1
84 39 1
254 132 1
213 59 1
286 131 1
21 162 1
1 17 4
39 4 1
165 127 1
109 9 1
32 227 1
125 11 1
220 197 1
56 404 1
118 123 1
66 21 1
123 108 1
13 197 1
17 2 5
19 153 1
20 9 2
77 104 1
60 160 1
57 4 1
3 64 1
8 21 1
63 58 2
182 43 1
4 225 2
27 128 1
155 119 1
269 195 1
2 11 1
23 37 1
9 257 1
10 42 1
17 148 1
18 26 1
3 73 1
22 231 1
8 28 1
10 352 1
356 63 1
26 29 1
7 77 1
48 2 2
197 20 1
184 119 1
101 3 1
30 1 4
3 33 1
13 72 1
162 248 1
2 251 2
38 80 1
4 64 1
23 147 1
8 3 10
9 155 1
2 106 1
186 40 1
61 2 1
2 29 2
30 8 2
88 15 1
34 87 1
0 43 1
55 0 1
21 1 3
57 224 1
7 50 1
11 55 1
4 58 3
495 47 1
24 34 1
2 20 7
27 4 3
9 69 1
52 4 2
0 34 1
410 55 1
341 34 1
53 35 1
21 10 4
4 54 1
132 3 1
410 166 1
233 108 1
16 49 2
2 124 1
58 1 2
61 20 1
9 22 1
49 1 3
15 8 1
24 0 3
9 428 1
10 127 1
49 8 1
52 3 1
0 57 1
1 173 1
3 20 5
53 44 1
135 15 1
3 165 1
4 61 2
3 29 3
155 40 1
291 79 1
38 146 1
78 161 1
177 84 1
31 113 2
52 10 2
109 39 1
41 287 1
59 104 1
23 70 1
165 3 1
