380 81 1
0 175 1
57 50 1
111 227 1
167 13 1
5 178 1
43 3 2
29 44 2
33 41 3
271 19 1
5 195 1
9 0 7
379 24 1
15 30 1
365 37 1
355 19 1
20 162 1
19 200 1
264 33 1
28 10 1
75 97 1
4 35 1
273 70 1
293 11 1
17 57 1
476 506 1
166 410 1
3 11 2
97 17 2
23 84 1
154 485 1
144 211 1
127 0 5
40 4 1
26 31 1
69 135 1
16 29 1
70 224 1
93 1 1
97 70 1
376 11 1
103 104 1
451 475 1
396 328 2
1 280 2
254 127 1
3 455 1
25 3 3
45 64 1
1 58 4
7 4 2
33 154 1
176 0 1
419 2 1
253 46 1
54 33 1
58 44 1
44 15 1
7 149 1
343 29 1
0 109 2
101 91 1
15 303 1
138 166 1
275 3 1
114 41 1
29 48 1
218 251 1
184 71 1
59 23 1
5 39 2
9 60 1
194 96 1
53 299 1
56 1 4
42 60 1
5 72 1
137 192 1
300 219 1
38 0 2
14 41 1
4 7 2
5 362 1
303 21 1
51 36 5
165 20 1
64 169 1
155 2 1
13 160 1
17 37 2
37 42 1
175 188 1
178 112 1
144 160 1
17 182 1
3 103 1
23 120 1
466 165 1
121 10 1
359 0 1
107 43 1
26 63 1
262 23 2
73 120 1
97 98 1
177 10 2
106 240 1
55 41 1
348 85 1
153 33 1
45 19 1
106 3 1
186 155 1
10 333 1
1 6 1
205 478 1
54 13 1
390 3 1
78 19 1
30 42 2
33 262 1
0 73 3
20 4 5
24 127 1
134 4 1
10 62 1
9 382 1
29 20 3
15 33 1
5 27 5
345 208 1
20 440 1
65 209 1
156 8 2
341 4 1
146 114 1
108 33 1
4 84 2
213 58 1
166 192 1
32 228 1
4 138 1
353 312 1
4 356 1
47 52 1
17 1 9
23 47 1
249 104 1
250 275 1
13 85 4
117 33 1
13 422 1
258 15 1
187 415 1
150 1 1
70 296 1
73 20 1
10 104 2
55 156 2
2 8 6
79 10 1
31 151 1
55 13 4
338 3 1
35 33 1
166 464 1
7 63 1
11 56 2
68 63 1
54 126 1
44 64 1
10 240 1
24 44 1
101 2 2
34 93 1
0 85 1
128 26 1
20 24 2
67 31 1
39 93 1
9 154 1
356 39 1
33 12 2
39 50 1
15 5 1
147 117 1
422 9 1
62 96 1
166 2 1
341 24 1
4 72 1
5 273 1
8 11 2
122 169 1
472 88 1
71 16 2
38 475 1
61 26 1
13 151 2
37 17 2
94 66 1
27 7 1
13 232 1
2 347 1
41 231 1
64 0 1
377 63 1
70 106 1
22 137 1
1 386 1
2 125 1
97 57 1
22 7 1
234 5 1
138 335 1
102 20 1
31 24 1
24 362 1
206 22 1
1 78 2
58 9 1
44 36 2
7 176 1
24 8 1
10 103 1
215 34 1
0 49 8
440 312 1
67 251 1
5 177 1
43 2 2
9 182 1
5 70 1
15 488 1
503 5 1
33 153 1
35 66 2
5 83 2
66 67 1
327 104 1
165 285 1
41 263 1
89 19 1
127 463 1
4 44 4
163 60 1
165 127 1
293 10 2
41 33 3
395 39 1
13 187 2
127 301 1
37 53 2
4 322 1
3 10 6
10 425 1
453 86 1
127 3 1
102 327 1
22 4 7
315 10 1
83 22 1
69 23 1
1 287 1
59 1 3
10 455 1
126 43 1
201 368 1
55 117 1
96 10 1
25 2 4
0 320 1
1 57 3
186 119 1
44 121 1
82 452 1
49 243 1
72 114 1
44 8 1
7 148 1
135 483 1
34 18 1
20 97 1
10 27 2
195 29 1
0 29 7
77 33 3
53 8 2
208 47 1
119 283 1
32 285 1
285 165 1
33 52 1
90 15 1
5 38 2
9 35 3
66 52 1
341 254 1
33 165 1
19 118 1
294 12 1
322 221 1
146 15 1
19 231 1
4 113 1
4 0 15
479 294 1
65 22 1
303 20 1
94 139 1
51 84 1
145 495 1
37 41 1
38 370 1
23 10 3
91 44 1
84 20 1
3 102 2
60 13 1
23 123 1
26 141 1
28 467 1
22 177 1
225 59 1
154 105 1
73 127 1
2 37 1
22 32 2
79 49 1
10 26 2
59 45 1
45 18 1
83 163 1
106 0 1
35 4 1
1 148 1
257 2 1
96 22 1
25 30 3
176 94 1
1 5 23
0 475 1
54 2 1
262 63 1
30 43 1
20 5 3
134 5 3
10 63 2
15 258 1
417 23 1
63 54 1
111 282 1
208 11 1
48 296 1
100 9 2
15 32 1
19 37 1
66 24 4
52 91 1
15 81 1
398 75 1
113 19 1
341 3 1
38 45 1
4 85 2
132 34 1
8 16 1
19 368 1
4 228 2
317 107 1
273 13 1
165 55 1
4 139 1
61 102 1
17 0 13
40 191 1
3 53 1
155 158 1
70 15 1
3 66 1
107 22 1
12 99 1
50 170 1
415 102 1
2 9 6
59 216 1
1 327 2
120 73 1
31 39 1
24 271 1
45 135 1
1 97 1
44 65 1
233 8 1
162 20 1
58 229 1
24 45 1
243 163 2
101 1 3
91 23 1
128 27 1
20 25 3
39 207 2
134 225 1
252 2 1
57 20 1
43 25 2
63 42 1
191 97 1
33 3 13
9 234 1
15 4 4
436 239 1
184 0 1
294 197 1
293 263 1
137 142 1
156 254 1
52 63 2
113 63 1
166 3 1
352 39 1
156 109 1
160 104 1
38 73 2
8 12 2
94 176 1
155 92 1
341 11 1
151 8 1
249 154 1
13 231 1
487 176 1
40 155 1
3 17 1
60 70 1
64 1 1
249 11 1
60 53 2
117 4 2
268 10 1
3 207 2
197 13 2
187 43 1
234 2 1
328 195 1
59 85 1
97 282 1
25 37 1
31 27 1
200 29 1
21 17 3
129 127 1
7 34 2
10 258 1
11 39 1
34 156 1
1 77 3
44 37 1
176 25 1
48 32 1
34 15 1
111 15 1
24 9 4
101 37 1
20 61 1
11 127 1
0 161 1
43 5 1
29 42 1
232 74 1
30 285 1
327 325 1
104 132 1
133 173 1
470 294 1
166 47 1
8 89 2
227 47 1
28 4 2
4 45 1
65 9 1
179 1 1
60 260 1
2 397 1
293 154 1
47 495 1
127 189 1
3 13 10
83 315 1
410 9 1
127 2 3
2 403 1
3 154 2
13 251 1
278 0 1
22 5 1
83 25 2
475 451 1
348 115 1
59 0 2
120 18 1
25 1 8
102 49 1
34 305 1
1 56 4
21 53 2
7 6 1
10 294 1
159 347 1
78 169 1
44 9 2
229 3 1
11 208 1
81 20 1
10 24 2
30 95 1
417 10 1
0 30 5
426 232 1
63 29 3
191 40 1
0 141 1
114 39 1
13 103 1
9 209 1
137 484 1
242 195 1
133 112 1
9 34 3
56 3 1
294 13 1
288 86 1
114 62 1
146 12 1
4 114 1
5 455 1
368 19 1
4 1 19
41 28 1
154 293 1
27 81 1
155 4 1
51 87 4
17 27 1
131 47 1
23 5 8
377 5 2
97 20 1
26 61 1
121 249 1
50 135 1
13 273 1
2 34 1
22 33 5
69 10 1
25 108 1
135 147 1
159 25 1
495 145 1
25 29 4
11 30 2
34 341 1
72 0 3
1 4 19
96 134 1
78 26 1
54 3 3
34 55 1
0 75 3
10 60 1
242 5 1
336 66 1
63 49 2
33 102 1
43 77 1
66 486 1
104 77 1
322 28 1
15 35 1
53 156 1
5 25 1
251 31 1
52 36 1
42 30 2
113 5 2
63 356 1
32 24 3
38 34 1
4 86 1
132 35 1
8 17 1
47 208 1
85 13 4
22 75 1
31 64 1
62 206 1
142 367 1
273 12 1
48 222 1
61 101 1
47 54 1
17 7 1
3 52 1
60 163 1
23 41 1
316 21 1
212 102 1
70 12 2
127 117 1
349 219 1
174 30 1
197 391 2
150 7 1
26 17 1
197 40 1
1 469 1
79 20 1
206 3 1
126 17 1
58 273 1
224 9 1
25 72 2
372 177 1
149 55 1
7 57 1
135 4 1
11 58 1
10 254 1
48 5 1
11 139 1
162 21 1
384 7 1
101 0 2
30 4 2
215 24 1
111 91 1
8 240 1
63 196 1
87 194 1
63 85 1
160 139 1
80 178 1
294 85 1
28 33 1
104 327 1
303 233 1
8 13 1
65 44 1
85 33 1
8 156 2
118 43 1
108 21 1
94 64 1
27 25 3
195 105 1
3 16 2
296 38 3
249 10 2
13 119 1
400 4 1
243 3 1
117 3 2
3 206 1
12 0 8
1 305 1
79 232 1
102 187 1
126 13 1
59 84 1
187 155 1
31 26 1
182 146 1
78 35 1
68 29 1
92 139 2
367 3 1
10 146 1
488 168 1
34 12 1
0 388 1
20 79 1
148 4 1
24 10 2
333 0 1
45 396 1
34 127 1
20 62 2
43 247 1
137 382 1
114 0 2
5 191 1
43 4 4
228 8 1
56 249 1
147 34 1
9 5 2
56 104 1
62 2 1
28 5 1
160 117 1
75 98 1
98 193 1
8 41 1
169 122 1
2 135 1
155 59 2
216 59 1
296 115 1
98 35 2
13 10 2
3 12 4
83 314 1
84 97 1
453 84 1
127 13 1
103 20 4
83 24 1
102 212 1
59 3 3
187 54 1
466 3 1
59 112 1
25 0 8
263 10 1
102 54 1
196 63 1
91 259 1
163 142 1
1 63 4
21 52 1
24 328 1
7 1 3
10 295 1
176 3 1
34 161 1
253 43 1
290 23 1
44 10 2
7 150 1
229 2 1
285 272 1
9 502 1
10 25 5
105 157 1
417 9 1
0 31 5
309 11 1
0 142 1
39 103 1
100 23 1
5 36 1
8 280 1
9 33 2
318 53 1
104 225 1
323 385 1
416 45 1
56 4 1
294 2 1
146 13 1
422 166 1
85 104 1
4 2 7
482 4 1
41 3 2
27 80 1
13 221 1
51 86 5
17 26 1
40 197 1
23 4 6
2 257 1
3 104 1
23 117 2
174 3 1
12 121 1
35 296 1
12 200 1
69 9 1
362 5 1
3 407 1
25 115 1
92 45 1
314 83 1
11 17 2
267 107 1
253 94 1
1 27 1
7 101 1
48 26 1
125 4 1
54 0 1
239 12 1
367 59 2
43 273 1
134 104 1
120 380 1
128 49 1
111 70 1
24 66 4
9 428 1
10 61 3
488 15 1
285 22 1
33 101 1
114 72 1
29 17 1
15 34 1
436 21 1
5 24 12
66 22 1
14 238 1
32 25 1
341 1 1
105 47 1
38 35 1
8 18 1
435 117 1
189 62 1
47 64 1
273 3 1
37 24 1
259 48 2
344 168 1
3 55 1
131 10 1
26 380 1
2 229 1
3 68 1
49 262 1
396 45 1
36 4 2
258 10 1
22 83 1
26 30 2
248 162 1
50 168 1
93 70 1
64 372 1
187 126 1
263 61 1
31 33 1
299 53 1
135 7 1
11 61 1
139 64 1
313 43 1
1 103 4
21 108 1
495 37 1
7 73 1
11 377 1
57 312 1
232 178 1
30 5 4
323 29 1
0 40 1
111 90 1
114 138 1
77 22 1
43 138 1
67 0 2
161 91 1
403 2 1
9 159 1
63 84 1
29 68 1
33 1 3
208 9 1
137 35 1
446 55 1
53 255 2
288 32 1
274 15 1
18 8 1
203 12 1
132 0 2
425 26 1
108 22 1
27 24 2
212 20 1
141 48 1
221 322 1
3 19 4
64 3 1
69 286 1
487 3 1
60 55 1
268 4 2
141 274 1
22 127 1
103 64 1
382 9 1
163 4 1
1 161 1
25 43 2
31 5 5
91 294 1
1 210 1
21 31 1
34 154 1
0 278 1
58 20 2
385 300 1
115 93 1
34 13 3
44 403 1
24 11 1
134 48 1
0 52 4
20 63 5
53 49 4
57 54 1
39 66 1
341 165 1
190 44 1
9 4 6
104 134 1
271 206 1
15 26 2
365 33 1
80 159 1
62 3 2
66 94 1
52 29 3
15 139 1
146 38 1
132 85 1
156 115 1
435 60 1
56 327 1
8 42 3
273 58 1
4 190 1
61 59 1
13 184 1
4 333 1
84 243 1
13 9 3
141 84 1
37 131 1
3 15 3
4 476 1
23 80 1
502 433 1
13 410 1
453 83 1
26 25 1
3 156 1
26 39 1
103 23 1
69 131 1
16 17 1
2 92 1
12 37 1
163 83 1
1 284 1
153 73 1
49 40 1
159 39 1
135 62 1
263 5 2
1 62 1
25 176 1
7 0 8
7 145 1
323 68 1
0 97 6
54 212 1
10 6 1
0 16 1
294 470 1
119 359 1
53 21 2
0 143 1
182 4 1
167 45 1
19 10 1
9 32 1
247 112 1
52 66 1
56 5 3
294 3 1
479 13 1
86 65 3
85 134 1
109 0 2
146 10 1
95 61 1
89 108 1
4 3 10
5 342 2
41 2 1
4 146 1
61 95 1
47 28 1
108 94 1
131 17 1
192 1 1
84 23 1
377 11 1
3 107 1
117 73 1
250 362 1
3 248 2
70 192 1
2 32 1
22 39 2
301 20 1
163 79 2
1 376 1
178 80 1
25 114 3
79 163 2
45 15 1
35 9 3
22 257 1
135 34 1
12 303 1
253 93 1
0 303 1
1 26 5
10 216 1
11 97 1
34 194 1
54 1 1
300 385 1
229 37 1
343 61 1
0 77 1
20 0 11
77 113 1
24 67 1
6 55 1
10 58 1
380 38 1
242 3 1
208 127 1
171 5 1
29 127 1
39 10 17
43 79 1
104 79 2
15 45 1
19 38 1
328 396 2
66 23 1
412 15 1
251 17 2
19 151 1
32 26 1
341 0 1
240 157 1
84 486 1
71 40 1
4 231 1
5 330 2
273 2 2
27 63 1
1 432 1
17 5 6
112 133 1
3 54 3
166 422 1
23 43 2
84 43 1
40 49 1
173 267 1
201 19 1
107 11 1
36 5 1
93 212 2
3 212 2
477 181 1
61 438 1
139 276 1
12 30 2
55 152 1
2 4 7
55 9 3
25 78 1
31 32 1
126 102 1
55 446 1
206 62 1
10 365 1
1 102 1
48 7 1
125 39 1
461 37 1
134 85 1
262 30 1
10 79 1
30 10 3
0 41 5
77 21 3
43 141 1
90 160 1
39 89 1
24 206 1
9 158 1
33 0 5
5 234 1
81 380 1
85 348 1
123 153 1
15 1 5
422 13 1
123 118 1
89 138 1
388 4 1
19 288 1
4 52 1
8 15 5
65 34 1
193 21 1
25 84 1
240 8 1
27 106 1
88 108 1
151 5 1
2 343 1
168 83 1
64 4 1
13 117 1
476 305 1
117 1 1
192 248 1
46 7 1
154 172 1
48 141 1
187 44 1
315 83 1
49 3 3
415 212 1
163 7 1
1 160 2
31 4 4
200 0 2
21 30 1
7 31 1
11 88 1
159 352 1
58 21 1
48 35 1
105 22 1
20 73 1
24 12 1
333 62 1
157 240 1
30 102 1
0 53 5
204 301 1
39 125 1
152 287 1
470 91 1
9 11 3
503 1 1
240 455 1
113 79 1
5 95 1
62 0 1
483 45 1
85 225 1
213 13 1
89 23 1
146 182 1
4 40 1
8 43 1
47 138 1
41 37 1
84 141 1
108 123 1
145 7 1
47 488 1
13 8 1
70 59 1
131 69 1
47 345 1
50 15 1
40 9 1
103 22 2
16 18 1
74 232 1
12 38 4
55 192 1
59 5 2
173 117 1
466 1 1
21 193 1
102 52 1
254 243 1
1 61 2
7 3 1
10 293 2
0 24 4
58 41 1
44 4 4
138 65 1
485 150 1
91 35 1
134 29 1
0 17 13
20 220 1
43 213 1
161 2 1
0 128 1
114 34 1
29 11 6
33 200 1
146 361 1
19 13 1
312 1 1
5 34 5
104 227 1
42 57 1
62 60 2
38 5 2
4 125 1
75 0 3
4 12 3
23 288 1
123 284 1
41 1 4
155 25 1
13 219 1
17 24 3
130 345 1
4 290 1
43 78 2
3 106 1
26 10 2
60 9 1
73 146 1
340 344 1
405 420 1
139 376 1
177 13 1
254 13 1
382 70 1
153 36 1
68 177 1
254 156 1
220 20 1
149 16 1
262 273 1
263 104 1
12 296 1
1 25 8
78 25 1
25 147 2
263 249 1
125 2 1
276 4 1
101 233 1
0 78 2
20 1 14
72 17 1
9 272 1
10 59 2
470 161 1
0 253 1
167 67 1
104 33 1
271 33 1
39 5 2
152 343 1
483 135 1
85 327 1
285 133 1
15 44 1
9 67 2
86 83 1
52 39 1
455 106 1
42 29 1
213 84 1
160 64 1
18 34 1
8 20 3
227 104 1
85 10 3
378 4 1
478 59 1
412 349 1
71 184 1
38 259 1
88 0 1
141 10 2
17 4 7
2 368 1
250 284 1
70 3 2
3 70 2
353 29 1
255 146 1
59 367 2
83 101 1
121 154 1
12 31 4
146 72 1
2 5 7
187 3 1
83 210 1
68 262 1
31 146 1
55 8 1
224 12 1
200 33 1
153 0 1
25 254 1
11 63 2
0 268 1
1 101 3
78 117 1
48 56 1
347 20 1
333 25 1
138 25 1
11 285 1
30 11 2
342 297 1
0 42 3
20 37 1
6 16 1
67 2 1
87 332 1
147 11 1
80 38 1
29 243 1
15 0 10
312 57 1
76 50 1
166 7 1
213 104 1
4 53 1
5 284 1
407 9 1
13 146 1
41 89 1
320 0 1
212 22 1
13 227 1
141 46 1
3 21 4
4 506 1
23 78 2
0 103 1
178 53 1
107 89 1
70 111 1
254 280 1
326 133 1
255 33 1
3 162 3
23 191 1
26 193 1
248 192 1
12 3 4
197 9 1
49 2 3
12 146 1
25 41 1
31 7 1
0 377 1
21 29 1
101 108 1
348 312 1
280 8 1
488 171 1
34 11 1
219 13 1
148 7 1
24 13 1
101 33 1
0 54 1
20 57 1
137 355 1
0 165 2
33 35 1
161 470 1
167 113 1
80 2 1
133 24 1
9 10 4
416 4 1
62 1 1
469 1 1
52 31 1
4 41 3
8 44 1
250 3 1
259 509 1
13 182 1
454 8 1
368 201 1
13 7 1
3 113 1
296 5 1
64 97 1
22 174 1
46 32 1
177 151 1
16 19 2
2 90 1
97 75 1
500 3 1
13 378 1
3 444 1
352 10 1
410 422 1
25 5 1
509 259 1
120 133 1
432 1 1
200 61 1
133 120 1
129 103 1
21 49 1
78 2 1
25 182 1
7 2 1
414 0 1
44 5 3
263 293 1
0 99 1
96 476 1
81 8 1
10 4 7
11 293 1
0 18 1
185 26 1
370 38 1
43 212 1
63 25 1
161 1 1
39 96 1
29 10 1
19 12 4
247 0 1
86 52 1
19 125 1
156 34 1
85 132 1
5 451 1
28 100 1
32 111 1
146 43 1
79 134 1
94 253 1
4 13 6
41 0 5
62 494 1
194 450 1
108 88 1
23 1 2
84 17 2
13 43 7
60 10 1
463 127 1
121 12 1
50 48 1
127 34 1
221 57 1
3 250 1
97 11 1
407 367 1
248 137 1
433 9 1
144 68 1
2 62 1
22 37 1
12 203 1
382 71 1
224 97 1
352 22 1
68 178 1
35 11 1
92 40 3
72 4 1
1 24 3
78 30 1
25 146 1
48 29 1
33 280 1
128 52 1
20 2 8
427 0 1
10 56 1
0 254 2
208 113 1
393 1 1
109 303 1
271 32 1
20 352 1
39 4 3
208 0 2
57 221 1
66 21 1
123 108 1
19 153 1
113 22 1
189 345 1
146 108 1
113 231 1
8 21 2
51 153 1
146 255 1
4 225 4
8 228 1
27 128 1
155 119 1
269 195 1
17 106 1
93 415 1
64 139 1
13 254 1
17 251 2
3 56 1
23 37 1
13 79 1
70 0 2
17 148 1
74 79 1
3 73 1
22 231 1
0 117 1
26 29 3
12 24 1
13 305 1
197 20 1
490 46 1
154 249 1
248 20 1
12 239 1
126 21 1
55 11 1
3 500 1
134 0 1
106 97 1
182 138 1
21 248 1
233 98 1
58 127 1
186 40 1
10 250 1
172 154 1
101 12 1
30 8 2
34 87 1
0 43 1
128 16 1
243 343 1
138 233 1
157 12 1
271 4 1
191 253 1
470 428 1
5 121 1
62 106 1
52 4 1
120 33 1
114 333 1
341 34 1
4 54 2
132 3 1
8 49 1
440 348 1
240 10 1
98 168 1
61 20 1
8 128 1
47 97 1
108 17 1
37 27 1
94 68 1
3 20 11
41 233 1
127 21 1
40 47 1
3 165 4
60 50 1
117 15 1
154 59 1
35 276 1
93 54 1
83 0 1
13 341 1
16 71 2
291 79 1
55 254 1
221 146 1
49 1 5
177 84 1
31 113 2
163 9 2
59 104 1
1 215 1
21 28 1
116 158 1
68 25 1
0 489 1
1 64 1
20 490 1
34 8 1
111 10 1
148 0 1
96 305 1
134 55 1
10 97 1
201 231 1
0 55 4
20 58 2
48 259 2
285 42 1
43 120 1
9 184 1
63 117 1
232 79 1
30 262 1
271 24 1
20 280 1
113 77 1
469 0 1
52 24 1
327 102 1
8 94 1
142 9 1
222 475 1
4 42 1
8 45 1
50 344 1
51 209 1
27 72 1
431 154 1
94 32 2
84 254 1
212 43 1
23 109 1
235 11 1
40 11 1
103 16 1
50 156 1
268 43 1
16 20 1
2 91 1
207 22 1
102 200 1
12 32 1
224 70 1
120 23 1
85 3 5
25 4 3
12 262 1
182 114 1
176 7 1
485 3 1
0 100 1
24 106 1
81 15 1
10 5 13
195 3 1
0 19 3
182 54 1
63 24 1
161 0 1
20 333 1
100 19 1
29 9 4
33 206 1
19 15 1
5 32 4
62 34 1
66 161 1
41 357 1
133 285 1
184 283 1
23 290 1
41 7 1
64 160 1
27 84 1
47 25 2
108 89 1
23 0 12
13 42 2
77 0 1
93 348 1
111 32 1
97 10 1
25 341 1
60 136 1
91 2 1
11 267 1
12 117 1
13 268 2
55 177 1
2 63 5
106 10 1
72 182 1
35 10 1
206 33 1
72 5 1
1 31 3
44 91 1
125 0 1
54 4 2
347 10 1
239 8 1
262 49 1
101 23 1
30 45 1
0 64 1
219 116 1
20 3 11
57 2 3
228 125 1
356 10 2
393 0 1
195 396 1
33 121 1
39 7 1
194 44 1
19 43 1
5 4 15
118 439 1
9 65 1
341 156 1
52 33 1
113 21 1
42 27 1
145 287 1
32 29 1
341 13 1
353 57 1
117 0 1
4 83 1
8 22 3
8 229 1
84 336 1
37 102 1
448 107 1
88 2 1
3 59 3
13 78 1
70 1 2
168 9 1
26 23 1
147 25 2
231 22 1
13 479 1
36 0 1
2 144 6
221 28 1
248 166 1
211 26 1
12 25 2
287 145 1
55 149 1
2 3 10
79 19 1
248 21 1
55 10 2
59 79 1
187 114 2
25 83 2
35 38 1
21 7 1
442 44 1
7 52 1
154 150 1
72 33 1
7 69 1
286 4 1
347 22 1
86 51 5
209 9 1
262 29 1
101 11 2
0 44 8
20 39 2
114 25 3
29 64 1
33 5 1
39 43 1
5 215 1
15 2 6
20 500 1
9 125 1
52 5 4
85 187 1
18 4 2
4 55 2
132 12 1
425 30 1
71 9 2
169 1 1
23 362 1
50 260 1
2 419 1
4 341 1
27 28 1
13 225 1
344 136 1
3 23 2
64 7 1
13 114 4
287 343 1
127 20 4
97 193 1
154 56 1
46 10 1
268 0 1
37 461 1
25 269 1
192 446 1
12 61 1
305 13 1
438 227 1
121 293 1
49 0 8
287 26 1
186 92 1
1 165 1
348 20 1
22 349 1
25 47 2
106 66 1
200 3 1
438 13 1
21 27 2
10 268 1
54 93 1
1 71 1
55 268 1
10 159 2
48 38 2
34 9 3
20 84 1
148 1 1
9 477 1
0 8 6
39 233 1
232 33 1
109 357 1
9 8 2
184 34 1
284 5 1
123 23 1
251 218 1
52 25 1
38 28 1
213 10 1
506 4 1
4 43 4
61 55 1
198 240 1
28 38 1
353 377 1
13 5 5
168 50 1
4 472 1
231 201 1
30 2 1
329 65 1
22 172 1
46 38 2
144 90 1
10 96 1
2 88 1
3 273 1
22 31 1
26 82 1
83 31 1
12 33 2
254 20 1
55 221 1
49 44 2
12 176 1
35 17 1
55 114 1
25 11 8
102 43 1
23 33 1
215 264 1
0 327 1
21 63 1
78 0 2
11 121 2
54 57 1
186 481 1
149 219 1
172 204 2
158 11 2
0 101 2
20 104 2
78 290 1
10 2 4
105 128 1
59 478 1
0 20 11
332 153 1
24 154 1
63 27 1
53 17 1
250 322 1
43 103 1
100 28 1
29 8 1
143 0 1
56 154 1
9 36 1
251 9 1
156 60 1
38 56 1
4 120 1
32 97 1
4 15 4
47 171 1
13 216 2
17 29 1
23 3 2
13 41 2
108 233 1
352 347 1
121 18 1
221 55 1
97 9 1
12 118 1
25 453 1
5 205 1
31 187 1
16 128 1
153 41 1
7 322 1
83 168 1
102 68 2
49 72 2
106 11 2
263 101 1
11 20 4
1 30 5
21 83 2
25 144 2
11 101 2
233 21 1
115 25 1
333 114 1
7 241 3
5 115 1
0 65 1
147 274 1
20 12 3
148 57 1
96 506 1
171 488 1
57 1 3
39 177 1
33 120 1
1 379 1
5 242 1
27 442 1
343 145 1
15 41 1
147 97 1
5 3 9
9 64 2
10 122 1
284 478 1
288 25 1
473 19 1
39 356 1
156 0 1
32 30 2
18 33 1
56 404 1
19 264 1
38 36 1
325 327 1
5 293 3
8 23 1
32 141 1
166 248 1
31 67 1
37 101 1
3 58 3
296 48 1
23 39 1
65 277 1
13 77 2
107 126 2
131 495 1
4 400 1
36 1 1
46 94 1
12 26 2
2 0 20
11 31 1
248 22 2
267 61 1
25 195 1
7 55 1
135 2 1
72 34 1
385 219 1
44 56 1
286 5 1
24 52 1
101 10 1
138 4 1
0 45 3
111 97 1
67 7 1
39 85 1
43 30 1
104 0 4
33 4 3
15 412 1
20 262 1
15 13 1
184 7 1
29 353 1
146 63 1
388 0 1
355 79 1
18 5 1
327 13 1
203 3 1
425 29 1
449 135 1
240 12 2
28 221 1
135 131 2
89 473 1
17 84 2
37 25 1
27 31 1
141 43 1
326 105 1
3 22 13
134 79 1
20 88 1
13 113 1
487 62 1
101 8 2
3 167 1
117 13 1
268 1 1
25 268 2
103 127 1
1 267 1
225 213 1
220 40 1
3 466 1
31 0 5
21 26 1
7 27 1
1 70 2
367 9 1
11 173 1
20 85 2
24 16 2
10 111 1
67 9 2
0 9 7
185 3 2
53 60 2
0 184 1
219 300 1
167 4 1
29 35 1
219 349 1
133 5 2
9 15 2
19 98 1
20 393 1
5 91 1
62 4 4
288 65 1
52 26 1
109 23 1
4 20 5
84 282 1
165 103 1
47 7 3
13 4 6
84 111 1
50 11 2
359 23 1
127 11 1
2 166 1
26 32 1
140 24 1
37 480 1
117 146 1
12 34 1
59 25 2
372 64 1
45 38 1
106 20 1
1 128 1
96 2 1
25 10 5
82 45 1
1 49 5
78 1 2
45 200 1
485 1 1
68 127 1
152 50 1
44 0 8
229 12 1
0 102 3
312 440 1
10 3 6
195 5 1
158 155 1
0 21 3
63 26 1
0 132 2
59 4 3
43 102 1
214 13 1
161 503 1
19 17 2
133 121 1
86 75 2
15 69 1
56 10 1
126 11 1
42 37 1
4 8 4
189 20 1
193 209 1
327 85 1
131 135 2
448 1 1
47 27 2
17 28 1
23 2 6
61 203 1
60 5 2
174 5 1
377 255 1
144 40 1
2 138 1
22 73 1
26 4 4
140 60 1
2 61 2
339 164 1
31 186 1
45 10 1
49 79 1
106 8 2
35 12 1
153 473 1
135 25 1
1 29 3
101 21 1
0 66 1
20 13 2
9 276 1
10 39 17
78 261 1
0 241 1
57 0 4
153 332 1
295 10 1
356 52 1
161 34 1
39 1 2
33 232 1
19 45 1
5 2 7
9 71 2
86 87 2
56 38 1
113 11 1
166 31 1
264 19 1
29 269 1
32 31 1
251 133 1
8 24 1
85 22 3
160 435 1
293 121 1
61 13 1
47 78 1
175 5 1
32 253 1
273 5 1
112 43 1
27 50 1
88 4 1
3 61 6
60 41 1
154 34 1
22 85 3
26 24 1
12 27 1
287 147 1
73 3 1
2 1 10
49 26 1
35 91 1
1 351 1
55 4 2
224 0 2
25 81 1
229 273 1
68 145 1
126 107 2
21 5 3
480 361 1
428 9 1
67 347 1
72 35 1
1 121 1
10 249 2
394 24 1
34 227 1
101 9 2
30 15 1
91 111 1
20 33 1
276 139 1
39 84 1
43 17 1
104 1 4
33 27 1
53 72 2
39 37 1
5 213 2
123 156 1
251 67 1
15 12 5
52 7 1
225 134 1
5 503 1
32 59 1
166 138 1
4 49 2
8 52 3
142 163 1
136 344 1
268 333 1
108 12 1
2 417 1
41 93 1
27 30 1
13 31 3
127 129 1
3 25 3
104 85 1
107 93 1
127 22 1
37 378 1
3 166 1
225 10 1
93 50 1
117 12 1
302 118 1
36 38 1
22 113 1
83 5 2
12 63 1
106 174 1
73 63 1
220 186 1
150 149 1
46 490 1
163 10 1
55 104 1
22 43 1
45 82 1
102 13 2
5 33 1
31 3 6
1 212 1
21 25 1
69 57 1
68 4 1
253 0 1
1 69 1
58 30 2
44 29 2
34 7 2
24 17 3
323 255 1
0 10 10
20 197 1
239 436 1
33 39 1
54 415 1
303 436 1
86 44 2
20 394 1
5 90 1
62 5 2
52 27 1
39 303 1
99 0 1
303 138 1
4 21 9
98 75 1
41 185 1
212 54 1
13 3 10
197 294 1
70 60 1
127 165 1
3 117 2
131 72 1
117 127 1
64 101 1
127 10 2
22 162 1
26 33 2
103 13 1
16 23 1
1 485 1
37 495 1
3 275 1
22 29 3
12 35 1
59 24 1
79 213 1
120 26 2
139 160 1
35 19 1
142 228 1
149 7 1
25 9 2
301 204 1
196 38 1
0 345 1
1 48 2
135 69 1
485 0 1
34 184 1
54 63 1
44 1 5
10 177 2
158 9 1
34 43 1
91 38 1
128 44 1
20 106 1
43 187 1
81 12 1
10 0 10
67 49 1
87 18 1
417 2 1
0 22 5
63 5 3
285 11 1
161 5 1
470 9 1
19 16 2
8 287 1
56 11 2
62 33 1
146 4 1
8 125 2
62 176 1
240 198 1
4 9 6
41 4 3
27 41 1
13 214 1
17 19 2
23 29 1
50 93 1
13 39 2
10 64 1
17 31 1
174 10 1
396 195 1
2 58 3
3 271 1
97 120 1
49 78 1
159 1 3
35 15 1
138 268 1
233 138 1
44 86 2
105 64 1
276 1 1
10 85 3
0 224 2
87 65 2
0 67 2
128 8 1
67 45 1
57 7 1
464 15 1
63 57 1
29 121 1
56 201 1
39 0 4
167 207 1
5 240 1
208 4 1
15 43 1
274 147 1
5 1 23
62 114 1
66 17 1
86 84 2
15 88 2
113 10 1
4 94 2
425 39 1
8 25 3
227 111 1
165 173 1
61 12 1
122 10 1
32 254 1
94 108 1
112 414 1
64 62 1
70 4 1
2 252 1
3 77 5
187 312 1
60 42 1
117 55 1
121 44 1
231 19 1
107 1 1
70 151 1
117 216 1
12 20 3
73 2 1
2 30 1
225 207 1
177 214 1
55 7 1
395 66 1
345 130 1
21 4 9
11 50 2
44 58 1
30 253 1
333 20 1
9 422 1
45 416 1
138 2 1
30 12 2
161 227 1
0 47 2
128 20 2
20 34 1
11 353 1
57 35 1
114 20 1
104 2 1
33 26 2
12 224 1
114 103 1
80 27 1
9 17 2
86 1 1
379 9 1
184 9 1
59 32 1
52 0 4
355 113 1
448 317 1
184 359 1
4 50 1
5 263 2
8 53 2
65 36 2
29 385 1
378 37 1
255 377 1
4 193 1
23 359 1
61 16 1
27 17 1
107 207 1
3 24 1
23 69 1
373 0 1
301 291 2
2 115 1
59 142 2
83 4 1
268 146 1
173 11 1
49 5 2
106 62 1
234 11 1
107 267 1
1 186 2
25 44 1
102 2 1
31 2 7
1 43 4
21 24 1
78 43 2
7 21 1
68 5 1
1 68 1
7 170 1
10 154 1
34 4 2
0 412 1
24 18 1
134 43 1
10 109 1
0 11 7
185 1 1
57 63 1
63 113 1
29 33 2
133 3 1
9 13 3
19 100 1
62 10 1
29 323 1
38 19 1
4 22 7
65 0 1
50 340 1
61 52 1
189 127 1
47 1 1
13 177 1
60 140 1
212 55 1
13 2 2
2 309 1
212 166 2
3 133 1
282 84 1
50 152 1
16 8 1
315 4 1
79 39 1
26 81 2
31 192 1
268 182 1
0 36 1
376 133 1
49 33 1
96 4 2
25 8 3
1 55 4
21 60 2
44 2 1
138 75 1
451 0 1
34 40 2
0 120 1
498 29 1
10 1 6
105 133 1
0 23 12
115 348 1
63 4 3
181 73 1
39 31 1
60 24 2
29 5 8
158 443 1
20 312 1
5 44 3
9 41 1
66 10 2
331 3 1
4 123 1
227 114 1
355 137 1
213 43 1
109 138 1
19 350 1
4 10 7
112 1 1
165 25 1
41 11 2
155 31 1
47 37 1
13 213 1
70 25 1
40 92 3
353 11 1
69 223 1
254 341 1
3 225 2
26 2 2
211 2 1
362 250 1
201 56 1
79 59 1
103 129 1
234 48 1
254 55 1
55 34 1
3 415 1
45 8 1
49 77 1
159 0 1
11 9 3
139 92 2
12 294 1
72 9 1
1 19 7
243 32 1
412 44 1
0 469 1
276 2 1
134 96 1
91 5 1
20 15 3
10 37 4
162 232 1
20 254 1
242 58 1
104 39 1
39 3 2
5 255 2
208 5 1
15 42 1
57 224 1
5 0 19
190 4 1
156 3 1
15 200 2
18 28 1
38 91 1
4 95 1
8 26 4
85 20 2
32 128 3
61 11 1
8 233 1
22 347 1
47 72 1
222 38 2
27 52 1
47 57 1
3 63 4
4 268 2
23 32 3
70 5 1
22 248 2
154 32 1
22 107 1
83 107 1
272 234 1
55 145 1
2 31 7
439 118 1
103 165 1
197 160 1
55 6 1
31 41 1
21 3 4
7 48 1
233 101 1
0 258 1
2 106 1
20 347 1
55 341 1
101 55 2
138 3 2
0 32 2
6 10 1
228 142 1
138 146 1
53 37 2
0 223 1
20 146 2
167 29 1
43 19 1
9 135 1
66 336 1
104 3 1
33 25 1
271 3 1
9 16 2
9 97 1
52 1 1
227 61 1
65 138 1
18 0 1
8 54 1
165 64 1
41 50 1
8 133 1
61 128 1
27 16 2
40 133 1
3 27 1
84 86 2
70 97 1
40 20 3
22 132 1
117 10 1
154 4 2
305 1 1
79 243 2
120 0 1
49 4 2
70 402 1
101 64 1
102 3 2
31 13 3
21 39 1
253 30 1
43 448 1
34 5 5
333 55 1
63 146 1
10 106 1
138 39 1
0 12 8
138 182 1
336 3 2
9 163 2
29 32 1
195 328 1
33 37 1
332 87 1
133 2 1
9 12 1
156 165 1
113 64 1
264 94 1
247 21 1
284 1 1
17 378 1
155 276 1
28 30 1
0 134 1
56 335 1
4 23 6
151 177 1
8 161 1
118 12 1
47 0 2
17 53 1
71 382 1
387 71 1
13 1 6
287 422 1
297 342 1
64 103 1
83 453 1
3 132 1
225 20 1
154 24 1
49 326 1
16 9 2
168 340 1
35 132 1
1 276 1
352 0 1
45 35 1
1 133 2
220 15 1
7 491 2
0 347 1
1 54 1
305 5 1
43 415 1
11 125 1
44 3 1
262 78 1
138 72 1
30 58 2
0 121 1
13 359 1
380 26 1
417 0 1
63 7 1
101 125 1
285 9 1
252 92 1
53 29 1
39 30 1
5 154 1
261 32 1
45 59 1
195 292 1
5 43 1
9 40 1
194 116 1
251 13 1
345 192 1
165 341 1
42 32 3
4 100 2
472 108 1
60 435 1
273 30 1
41 10 1
4 154 2
64 165 1
13 212 1
94 1 1
131 25 1
23 31 2
61 200 1
13 37 2
287 410 1
70 30 1
174 8 1
212 187 1
13 438 1
107 39 1
267 173 1
23 253 1
26 3 3
22 63 2
159 114 1
55 61 1
476 22 1
45 7 1
103 273 1
31 52 1
1 225 1
11 8 2
395 425 1
115 108 1
233 25 1
125 27 1
162 7 1
77 152 1
404 56 1
10 83 3
0 69 1
20 8 3
114 159 1
11 327 1
147 135 1
43 54 1
9 251 1
147 101 1
5 15 1
9 68 2
52 46 1
15 90 1
39 352 1
42 4 1
227 0 1
89 39 1
4 88 1
8 27 2
61 10 3
17 108 1
145 55 1
478 205 1
13 248 1
3 62 2
84 51 1
307 340 1
93 187 1
3 79 3
154 33 1
231 13 1
41 5 2
107 3 1
16 81 1
73 0 3
59 213 2
49 31 1
12 229 1
31 155 1
55 1 4
25 86 1
35 45 1
1 205 1
21 2 4
11 52 1
1 126 2
7 64 1
105 34 2
34 254 1
138 0 2
0 33 5
294 391 1
77 13 2
43 133 1
191 5 1
0 208 2
104 4 3
33 24 1
23 141 1
9 23 2
15 9 2
388 125 1
85 213 1
52 2 1
473 115 1
142 55 1
165 254 1
166 137 1
8 55 1
146 221 1
75 193 1
108 15 1
61 159 1
27 19 1
3 26 3
97 33 1
154 5 1
88 257 1
2 113 2
305 0 1
443 158 1
1 448 1
234 9 1
287 1 1
55 101 2
25 50 2
79 355 1
102 0 3
31 12 4
1 41 4
55 410 1
15 3 3
34 147 1
219 149 1
1 90 3
58 29 1
44 24 1
48 475 1
34 2 1
0 414 1
20 81 1
24 20 2
195 45 1
0 13 5
77 49 1
43 225 1
12 128 1
43 126 1
272 285 1
29 63 3
133 1 2
113 31 2
137 70 1
66 36 1
59 39 1
39 347 1
62 8 1
15 146 1
146 31 1
113 208 1
29 498 1
119 1 1
94 264 1
131 286 1
5 377 2
122 209 1
250 10 1
213 134 1
273 49 1
4 167 1
61 50 1
47 3 1
216 5 1
108 115 1
60 142 1
65 288 1
84 4 2
13 0 5
107 173 1
296 12 1
50 7 7
70 66 1
127 55 1
420 405 1
97 224 1
225 43 1
26 44 1
177 136 1
92 2 1
36 69 1
79 33 1
103 159 1
362 23 1
254 25 1
59 29 2
102 93 1
174 455 1
1 53 2
21 58 1
115 147 1
233 108 1
58 49 1
115 0 1
229 8 1
30 59 2
34 38 1
128 47 1
20 117 1
209 84 1
427 29 1
10 15 2
0 233 1
39 25 3
29 3 5
15 464 1
5 42 1
9 47 1
262 127 1
123 89 1
53 318 1
119 13 1
412 83 1
160 60 1
146 3 1
89 123 1
41 9 1
4 155 1
279 3 1
27 42 1
17 16 1
23 30 1
84 24 2
70 31 1
97 147 1
23 143 1
192 137 1
121 21 1
71 387 1
2 134 2
22 77 1
26 0 5
0 68 3
12 115 2
292 195 1
476 96 1
44 412 1
177 5 1
31 166 1
55 60 1
4 286 1
10 495 1
49 67 1
159 2 1
35 48 1
254 132 1
44 194 1
139 94 1
286 131 1
234 208 1
1 17 9
186 31 1
78 97 1
25 155 1
162 4 1
347 0 1
58 213 1
10 80 1
138 109 1
30 23 1
0 70 2
20 9 3
77 104 1
63 213 2
10 35 1
428 470 1
87 51 4
57 4 4
20 248 1
24 251 1
209 193 1
63 58 3
90 68 1
39 61 1
208 7 1
9 250 1
194 38 1
240 424 1
412 0 1
52 47 1
391 479 1
42 5 1
32 19 1
18 26 1
19 271 1
4 89 1
132 22 1
8 28 1
193 0 1
75 36 1
41 101 1
3 33 13
13 72 1
141 147 1
43 68 1
255 53 2
2 251 2
168 15 2
97 191 1
23 147 1
93 43 1
168 158 1
22 105 1
79 104 2
207 39 2
96 194 1
73 7 1
2 29 7
372 21 1
168 344 1
55 0 4
21 1 6
480 365 1
2 13 2
7 50 7
138 303 1
11 55 1
92 186 1
24 394 1
44 53 3
7 67 1
1 309 1
20 26 2
55 343 1
7 208 1
138 1 1
9 69 1
0 34 4
24 168 1
81 73 1
53 35 1
24 215 1
43 21 1
9 133 1
104 5 2
33 31 1
39 33 1
80 30 1
9 22 3
29 203 1
86 4 1
15 8 5
416 111 1
32 63 1
135 15 1
4 61 2
132 10 2
213 225 1
407 1 1
155 40 1
13 138 1
108 8 1
273 229 1
37 4 3
118 81 1
3 29 5
4 482 1
23 70 1
64 29 1
197 479 1
22 154 1
268 62 1
2 78 1
95 30 1
22 117 1
26 120 2
153 123 1
49 58 1
201 327 1
263 27 1
102 1 1
31 15 1
206 24 1
1 40 1
21 37 1
7 22 1
68 0 3
1 89 1
21 406 1
24 486 1
44 25 1
34 3 1
24 21 1
6 101 1
101 41 1
34 114 1
0 189 2
182 1 1
114 55 1
167 3 1
5 53 3
318 4 1
15 108 1
132 200 1
170 7 1
62 9 3
355 1 1
66 84 2
284 3 1
75 398 1
4 17 7
61 49 2
47 2 1
17 43 1
127 208 1
3 121 1
282 32 1
121 120 1
50 4 1
22 166 1
26 45 1
2 82 1
3 279 1
22 17 1
49 469 1
153 87 1
358 40 1
106 17 1
159 41 2
220 9 1
149 3 1
25 13 3
79 326 2
10 347 1
125 388 1
1 52 1
55 505 1
45 195 1
176 62 1
253 32 1
347 39 1
152 55 1
451 5 1
0 123 2
128 32 3
134 10 3
10 12 1
63 1 4
247 292 1
232 3 2
214 151 1
0 153 1
399 3 1
43 93 1
9 221 1
29 2 7
143 14 3
19 20 1
5 41 2
15 64 1
32 8 2
3 147 1
146 0 1
223 114 1
19 355 1
189 47 1
41 8 1
17 23 1
94 7 1
41 153 1
23 25 3
84 25 1
2 276 1
3 85 5
173 285 1
73 153 1
37 318 1
22 66 1
26 1 5
121 133 1
12 108 1
55 142 1
2 54 1
59 203 1
225 167 1
79 4 1
153 51 1
102 126 1
34 502 1
25 233 1
73 1 1
48 134 1
11 10 5
103 352 1
495 10 1
93 94 1
7 94 1
11 155 1
105 68 1
290 78 1
30 20 2
343 55 1
0 71 1
128 12 1
20 10 6
86 66 1
9 287 1
67 17 1
214 179 2
213 377 1
5 13 5
66 109 1
405 8 1
56 43 1
42 2 1
264 24 1
45 17 1
18 27 1
75 86 2
203 29 1
8 29 1
284 250 1
378 13 1
71 34 1
61 8 1
175 0 1
2 470 1
3 32 1
4 271 1
17 140 1
145 343 1
467 28 1
73 181 1
382 137 1
112 413 1
258 1 1
97 47 1
26 101 1
83 108 1
12 16 1
2 26 2
3 367 1
372 22 1
49 29 2
31 133 1
159 80 1
163 21 1
55 3 1
224 5 1
116 19 1
35 47 1
21 0 3
7 45 1
45 250 1
34 141 1
68 34 2
21 113 1
7 66 1
159 263 1
77 273 1
262 20 1
10 117 1
0 35 1
1 127 1
20 46 1
446 192 1
67 13 2
0 210 1
111 220 1
20 268 1
5 208 1
133 43 1
15 11 2
184 13 1
5 97 1
123 0 2
52 12 1
32 48 1
89 1 1
327 11 1
4 62 4
8 57 1
56 293 1
486 66 1
41 55 1
407 0 1
47 105 1
108 9 1
37 3 1
98 19 1
151 31 1
27 21 2
212 31 1
10 84 1
127 29 1
273 262 1
3 173 1
225 13 1
117 23 2
154 3 2
73 81 1
22 10 4
83 8 1
12 52 1
13 333 1
70 262 1
3 331 1
352 103 1
120 3 1
16 206 1
163 49 1
59 96 1
7 384 1
161 133 1
103 347 1
1 47 1
78 47 1
7 17 1
68 1 1
34 145 2
182 25 1
115 38 1
243 29 1
44 26 1
7 166 1
10 134 3
34 0 4
57 353 1
81 27 1
0 15 10
24 133 1
20 177 1
43 112 1
29 61 3
32 271 1
5 52 4
119 186 1
156 160 1
15 111 1
5 69 1
8 503 1
113 167 1
4 18 2
65 4 1
19 439 1
8 164 1
37 39 1
22 64 1
13 62 2
12 81 1
326 79 2
3 120 1
23 101 1
359 13 1
127 49 1
3 137 1
22 167 1
103 8 1
16 12 1
55 165 1
44 442 1
117 156 1
500 20 1
305 34 1
35 137 1
120 31 1
173 107 1
1 154 4
55 75 1
25 12 2
253 78 1
1 11 2
70 273 1
135 64 1
11 126 1
30 174 1
290 43 1
58 63 3
115 2 1
10 13 2
39 138 1
63 0 5
33 85 1
470 2 1
9 220 1
29 1 3
19 23 1
119 158 1
29 178 1
19 132 1
32 9 1
146 1 2
41 365 1
479 391 1
136 55 1
283 184 1
112 5 1
41 15 1
151 214 1
27 44 3
65 401 1
45 94 1
17 22 1
94 4 2
296 91 1
4 276 1
23 24 4
13 34 3
127 68 1
3 84 1
174 15 1
50 41 1
13 435 1
3 229 1
335 56 1
352 159 1
55 137 1
2 55 2
168 307 1
206 271 1
55 62 1
25 127 2
45 4 1
102 127 1
31 49 1
159 12 1
187 223 1
72 13 1
1 23 2
44 83 1
11 154 1
347 2 1
55 333 1
101 31 1
11 235 1
30 21 1
34 72 1
0 88 1
20 11 4
43 154 1
10 33 3
11 376 1
52 356 1
0 247 1
9 367 1
104 43 2
285 234 1
33 113 1
39 63 1
15 54 1
5 12 8
479 197 1
66 106 1
194 87 1
56 44 1
113 13 1
160 90 1
18 24 1
8 30 2
377 353 1
75 38 1
32 243 1
17 97 2
348 187 1
64 132 1
27 8 2
141 0 1
168 98 1
131 118 1
23 60 1
249 121 1
17 131 1
3 176 1
268 20 1
35 355 1
2 104 1
4 318 1
12 17 1
73 5 2
2 27 1
139 158 1
177 39 1
55 2 2
101 448 1
31 21 1
55 435 1
11 41 2
0 262 1
58 4 2
21 112 3
7 189 1
48 50 1
33 322 1
24 59 1
10 114 1
91 101 1
347 159 1
20 47 1
43 134 1
43 23 2
30 275 1
33 29 2
9 20 3
15 10 2
19 79 1
9 101 2
104 293 1
344 340 1
52 13 1
113 41 1
260 50 1
89 0 1
146 73 1
4 63 3
8 58 1
62 333 1
411 87 1
303 109 1
71 1 1
240 3 1
166 287 1
407 3 1
269 30 1
37 2 1
13 25 3
3 31 6
117 101 1
64 31 1
107 83 1
326 243 2
117 22 1
46 18 1
36 44 2
93 13 2
361 365 1
69 36 1
1 268 1
22 506 1
120 4 1
12 132 1
31 120 1
16 103 1
201 325 1
25 55 2
139 11 1
31 9 1
452 82 1
165 484 1
210 83 1
153 411 1
68 2 1
290 4 1
475 0 1
44 27 3
262 102 1
170 74 1
34 1 2
20 92 2
24 23 4
81 26 2
10 22 4
39 225 1
33 72 1
380 97 1
53 5 3
0 191 3
133 161 1
9 167 1
29 60 1
9 48 1
66 35 2
341 235 1
5 68 1
137 212 1
1 185 1
4 19 4
250 9 1
37 85 1
4 162 1
4 305 1
231 368 1
13 61 1
23 100 1
2 161 1
349 22 1
207 104 1
13 287 1
16 13 1
2 80 1
95 5 1
59 30 2
72 131 1
35 25 1
495 131 1
25 19 1
135 50 1
453 411 1
1 10 6
24 341 1
11 113 1
68 102 2
72 97 1
21 66 1
115 5 1
125 228 1
0 125 1
45 483 1
336 84 1
63 3 4
87 153 1
90 111 1
39 26 1
5 134 3
100 4 2
137 22 1
29 0 7
322 10 1
5 23 8
9 44 2
66 7 1
251 1 2
52 86 1
455 8 1
38 48 2
4 96 2
166 212 2
250 45 1
216 117 1
75 138 1
41 14 1
4 134 1
27 47 2
47 32 1
17 21 3
41 159 2
23 27 1
151 70 1
84 27 1
13 33 3
3 87 1
340 50 1
2 133 1
97 1 1
26 15 2
73 104 1
55 136 1
2 52 1
484 165 1
45 3 3
35 53 1
24 258 1
22 285 1
1 22 3
149 150 1
68 90 1
162 3 3
54 29 1
24 32 3
43 268 1
209 36 3
11 234 1
30 26 2
0 89 1
78 262 1
9 285 1
10 46 1
0 200 2
57 9 2
43 42 1
63 39 1
214 177 1
64 78 1
274 141 1
332 411 1
5 11 3
9 72 1
15 166 1
166 22 1
294 91 1
42 0 3
29 262 1
32 22 2
4 68 1
133 376 1
502 9 1
431 7 1
255 323 1
4 235 1
144 11 1
4 378 1
27 11 2
36 9 1
88 11 1
3 34 1
84 63 1
307 344 1
352 20 1
70 137 1
291 204 1
2 105 2
22 108 1
12 18 2
88 472 1
287 152 1
490 20 1
2 24 4
97 64 1
103 160 1
287 41 1
35 64 1
254 84 1
55 29 2
186 220 1
59 70 1
93 126 2
48 213 1
31 20 2
83 21 2
66 39 1
7 47 3
11 40 1
304 62 1
1 114 3
21 127 1
78 64 1
93 89 1
276 35 1
24 60 2
0 37 2
20 40 3
20 159 1
39 77 1
295 39 1
43 22 1
33 28 1
312 85 1
29 200 1
19 78 1
126 3 1
66 86 1
9 100 2
227 32 1
29 490 1
160 103 1
142 59 2
203 59 1
4 56 1
71 0 1
4 207 1
269 29 1
37 1 1
27 23 1
13 24 1
3 30 7
84 83 1
225 3 2
154 1 4
140 108 1
22 8 3
207 4 1
83 10 3
25 156 1
305 4 1
49 63 2
287 13 1
385 29 1
200 12 1
1 45 1
149 93 1
7 19 1
176 21 1
68 3 1
327 201 1
1 94 1
58 25 1
10 132 2
105 2 2
33 365 1
115 473 1
152 77 1
81 25 1
10 23 3
0 1 25
165 137 1
285 32 1
33 79 1
161 114 1
53 4 1
0 176 1
5 161 1
43 114 3
9 166 2
63 127 2
29 59 2
204 7 1
133 13 1
9 55 3
160 20 1
85 440 1
28 27 1
32 94 2
18 97 1
41 113 1
113 165 1
4 28 2
303 0 1
108 472 1
131 147 1
4 163 1
155 9 1
38 296 3
94 46 1
13 60 1
126 415 1
23 103 1
26 185 1
111 39 1
272 9 1
22 165 1
207 107 1
282 94 1
103 10 1
325 28 1
36 65 2
22 20 5
69 7 1
55 212 1
168 488 1
25 97 1
45 30 1
376 139 1
35 24 3
149 0 1
101 263 1
182 72 1
21 70 1
78 9 1
25 131 1
9 407 1
485 154 1
286 69 1
318 378 1
10 11 5
30 78 1
63 2 5
0 156 1
39 21 1
5 133 2
208 31 1
19 25 1
5 22 1
66 4 1
113 103 1
8 405 1
156 53 1
32 11 1
341 127 1
14 143 3
15 242 1
146 127 1
502 34 1
39 104 1
368 2 1
340 168 1
165 3 4
41 13 2
4 135 1
155 21 1
47 35 1
141 26 1
108 83 1
23 26 1
84 36 2
60 29 1
212 192 1
50 39 1
268 114 2
22 65 1
150 10 1
26 12 2
154 121 1
19 4 4
79 1 2
13 318 1
248 3 2
415 3 1
59 61 1
45 2 2
1 228 1
21 233 1
44 190 1
11 15 2
1 21 6
25 159 1
177 372 1
34 215 1
0 427 1
24 33 1
101 29 4
30 27 1
215 5 1
312 348 1
111 84 1
21 316 1
205 47 1
10 47 1
15 274 1
57 8 1
5 249 5
8 339 1
194 34 1
5 10 13
247 43 1
113 3 1
35 78 1
156 25 1
32 23 3
160 92 1
203 30 1
95 4 1
132 18 1
8 0 6
193 4 1
89 91 1
61 5 2
8 239 1
4 379 1
117 63 1
27 10 2
448 101 1
112 178 1
59 413 1
178 5 1
8 416 1
349 44 1
2 102 1
3 195 1
12 19 4
13 294 1
92 20 2
36 153 1
2 25 4
3 336 2
22 476 1
248 31 1
11 3 2
102 25 1
31 23 2
91 296 1
1 192 1
21 13 1
172 111 1
101 351 1
68 40 1
72 43 1
0 280 2
1 113 1
475 38 1
58 2 3
21 126 1
44 49 2
390 77 1
78 4 1
385 323 1
333 13 1
7 204 1
138 13 1
34 106 2
0 38 2
20 41 1
77 8 2
191 0 3
182 13 1
157 1 1
30 273 1
33 19 3
147 23 1
133 40 1
9 26 2
15 20 3
503 161 1
260 60 1
341 55 1
327 4 1
4 57 4
240 5 1
293 5 3
478 3 1
61 41 1
13 134 1
17 67 1
37 0 2
40 252 1
28 325 1
141 34 1
255 68 1
40 139 1
168 64 1
23 66 1
207 225 1
192 70 1
212 137 1
78 253 1
13 104 2
235 24 1
3 174 1
117 20 1
83 412 1
212 248 1
10 101 1
22 9 3
376 1 1
126 173 1
1 258 1
301 79 1
1 179 1
21 176 1
59 101 1
106 72 1
0 373 1
1 44 5
24 379 1
195 242 1
54 43 1
1 93 1
280 20 1
7 163 1
208 182 1
24 25 1
0 341 1
100 268 1
10 20 6
11 309 1
0 2 20
21 372 1
53 3 1
403 44 1
100 98 2
29 58 1
30 269 1
20 291 1
5 49 2
9 54 3
86 36 4
15 104 1
351 448 1
62 13 2
503 133 1
39 295 1
18 94 1
189 7 1
63 73 1
51 75 2
17 47 1
13 59 2
17 184 3
235 4 1
164 8 1
3 138 2
26 41 2
140 17 1
197 64 1
36 66 1
55 166 2
97 84 1
291 20 1
40 276 1
1 159 3
102 33 1
1 8 9
31 234 1
11 115 1
233 39 1
115 7 1
43 290 1
7 135 1
138 114 1
33 264 1
0 127 5
20 114 1
10 8 3
20 225 1
15 70 1
85 312 1
285 3 1
39 20 2
29 30 3
143 10 1
5 21 3
119 155 1
156 135 1
56 19 1
132 168 1
62 41 1
355 33 1
32 12 1
455 10 1
8 101 2
31 70 1
47 189 1
303 39 1
74 381 1
27 33 1
17 11 2
23 21 1
192 31 1
400 44 1
193 66 1
168 24 1
23 138 1
126 267 1
221 13 1
82 26 1
83 84 1
12 104 1
287 166 1
55 138 1
93 115 1
248 4 1
410 287 1
287 55 2
45 1 1
267 11 1
159 9 1
1 251 2
96 39 1
0 317 1
1 20 14
25 158 1
48 9 1
276 9 1
4 11 3
78 149 1
138 22 1
34 71 1
0 91 1
128 0 1
20 22 5
21 315 2
10 44 2
176 316 1
253 290 1
147 141 1
312 187 1
5 9 2
9 78 1
123 120 1
288 19 1
18 132 1
113 2 2
28 45 1
89 41 1
18 23 1
4 70 1
132 19 1
8 1 9
431 1 1
145 152 1
4 213 1
61 4 2
133 503 1
397 2 1
60 220 1
64 135 1
433 502 1
40 144 1
131 123 1
9 417 1
13 67 2
61 343 1
154 43 1
141 287 1
163 315 1
2 103 1
3 194 1
97 35 1
117 160 1
73 10 1
2 22 1
49 17 1
234 31 1
126 1 2
21 155 1
153 19 1
102 30 1
68 154 1
31 22 1
254 165 1
7 41 1
11 42 1
304 48 1
72 44 2
1 112 1
58 3 3
58 242 1
10 113 1
0 39 4
20 42 1
77 7 1
105 326 1
39 79 1
43 8 1
228 4 2
104 10 2
33 18 1
57 148 1
9 25 2
86 25 1
379 1 1
15 23 3
184 17 3
49 273 1
123 4 1
52 8 3
227 34 1
203 61 1
4 58 2
8 61 1
71 2 1
99 205 1
13 133 1
86 453 1
17 66 1
37 15 2
13 22 2
3 0 13
50 29 1
178 38 1
163 326 2
127 25 2
22 159 1
225 1 1
29 22 3
141 259 1
1 400 1
59 134 1
103 113 1
31 212 1
268 138 1
73 38 2
173 3 1
49 61 2
177 64 1
31 101 1
25 52 1
31 10 2
1 35 3
25 165 1
7 13 1
253 23 1
0 485 1
92 155 1
475 5 1
21 401 1
43 313 1
44 22 1
7 162 1
101 195 1
357 41 1
33 355 1
24 26 1
10 21 5
30 80 1
0 3 13
114 161 1
77 43 1
43 231 1
191 39 1
33 77 3
20 189 1
5 175 1
32 259 1
33 62 1
147 50 1
132 294 2
5 48 1
66 62 1
344 307 1
146 25 1
317 448 1
28 21 1
435 13 1
165 156 1
4 30 2
273 43 1
293 56 1
41 23 1
155 11 1
47 9 1
178 232 1
131 34 1
83 349 1
70 53 1
121 3 1
268 72 1
93 253 1
473 153 1
16 0 1
2 47 1
22 42 2
69 5 1
45 28 1
68 323 1
159 20 1
22 372 1
139 40 1
1 15 5
11 114 1
233 83 1
30 61 2
33 271 1
54 167 1
24 118 1
10 9 4
39 134 2
63 12 1
67 201 1
472 4 1
440 85 1
39 23 1
5 131 1
208 17 1
19 27 1
68 94 1
5 20 3
318 37 1
85 294 1
251 2 2
42 43 1
119 11 1
156 55 2
455 5 1
65 75 1
307 50 1
249 263 1
165 1 1
98 100 2
17 10 5
94 8 1
2 273 2
40 68 1
22 212 1
1 431 1
37 313 1
108 68 1
207 73 1
22 54 1
79 3 3
415 13 1
45 0 3
31 61 1
439 19 1
21 247 1
82 7 1
11 1 2
313 37 1
72 49 2
70 55 1
1 107 1
495 17 1
11 158 2
125 20 1
24 35 3
9 433 1
138 23 1
30 25 3
34 68 2
128 1 1
147 287 1
39 213 1
243 326 2
10 45 1
127 73 1
57 5 1
43 47 1
63 32 1
33 117 1
39 59 1
137 55 1
15 50 1
132 254 1
5 8 12
133 67 1
63 262 1
56 48 1
113 1 1
42 15 1
449 7 1
8 2 6
65 87 2
193 26 1
47 227 1
113 355 1
386 1 1
61 3 6
127 262 1
240 106 1
259 32 1
27 12 1
9 208 1
3 39 2
424 240 1
64 55 1
84 58 1
36 52 1
2 100 1
168 132 1
225 85 1
2 23 6
130 192 1
3 338 1
49 16 1
1 341 1
102 31 1
31 17 1
200 19 1
438 61 1
233 109 1
1 119 1
58 0 6
243 4 1
0 393 1
20 68 1
24 63 1
484 137 1
232 162 1
30 117 1
27 97 1
0 215 1
57 42 1
114 13 4
63 68 1
104 11 1
33 17 1
342 5 2
59 17 1
9 24 4
160 156 1
9 105 1
135 156 1
161 294 1
15 135 1
126 54 1
156 127 1
85 79 1
89 4 1
18 120 1
94 279 1
4 59 3
425 10 1
8 62 1
127 341 1
365 480 1
41 58 1
478 1 2
61 39 1
13 21 1
141 32 1
2 294 1
50 26 1
13 102 2
127 24 1
31 1 3
26 211 1
339 8 1
135 45 1
362 171 1
35 259 1
1 407 1
97 78 1
79 74 1
233 303 1
35 97 1
92 118 1
277 36 1
25 59 2
10 417 1
139 15 1
68 255 1
200 15 2
1 9 7
1 34 2
257 88 1
44 128 1
44 23 2
10 131 1
111 25 1
24 27 2
101 83 1
138 47 1
0 4 15
48 304 1
53 1 2
39 114 1
5 174 1
104 103 1
33 61 2
53 178 1
20 301 1
294 132 2
5 63 3
56 121 1
136 177 1
307 168 1
146 22 2
66 193 1
4 31 4
118 19 1
41 22 1
17 45 1
326 49 1
94 45 1
131 37 1
4 317 1
155 187 1
84 3 1
17 190 1
40 105 1
3 127 1
12 70 2
13 283 1
107 448 1
55 160 1
2 44 1
3 285 1
97 106 1
69 4 3
254 0 2
348 93 1
3 426 1
25 102 1
153 89 1
106 27 1
35 29 1
1 157 1
55 70 1
25 23 3
267 126 1
243 79 2
25 128 1
21 436 1
262 70 1
158 119 1
91 48 1
112 247 1
68 198 2
30 77 1
87 36 1
91 161 1
242 15 1
33 104 1
0 159 1
39 22 2
422 410 1
100 0 1
32 288 1
455 240 1
5 19 3
190 17 1
66 3 1
355 35 1
4 108 2
8 103 1
136 60 1
86 288 1
17 495 1
4 243 1
425 66 1
268 25 2
165 0 2
41 114 1
47 44 1
141 23 1
17 9 2
64 44 1
84 39 1
13 93 2
4 416 1
93 192 1
3 232 2
97 5 1
25 288 1
154 68 1
83 86 1
103 43 1
220 197 1
2 48 3
22 55 1
107 317 1
35 168 1
3 390 1
49 68 2
35 57 1
1 249 1
11 0 7
54 102 1
182 43 1
116 219 1
44 72 2
125 19 1
101 26 1
20 16 1
24 83 1
9 257 1
10 42 1
30 425 1
161 78 1
356 63 1
184 119 1
39 395 1
395 10 1
28 47 1
32 42 3
38 80 1
4 64 1
8 3 12
65 86 3
431 3 1
61 2 2
259 35 1
316 176 1
212 1 1
88 15 2
3 38 1
23 59 1
84 59 1
127 103 1
4 388 1
2 101 2
22 96 1
79 113 1
2 20 8
3 341 1
47 205 1
12 157 1
55 25 2
10 394 1
72 1 5
21 10 5
97 380 1
68 43 1
34 135 1
290 253 1
58 1 4
152 198 1
7 184 1
111 4 2
24 0 4
333 10 1
209 4 1
10 127 2
34 105 2
72 268 1
0 57 4
114 187 2
77 5 2
43 253 1
6 3 1
53 44 3
114 10 1
167 20 1
43 10 2
9 142 1
66 425 1
104 12 1
9 31 1
455 174 1
38 146 1
42 81 1
62 20 2
52 10 2
345 0 1
109 39 2
41 287 1
189 208 2
18 121 1
327 1 2
4 36 2
169 64 1
8 63 2
317 43 1
85 63 1
435 160 1
273 77 1
269 25 1
135 449 1
37 13 2
17 49 1
0 407 1
13 20 2
3 2 10
121 101 2
50 27 1
349 13 1
231 41 1
2 73 1
79 85 1
207 0 1
13 327 1
173 1 1
234 113 1
287 9 1
220 60 1
3 478 1
178 68 1
25 58 1
49 140 1
1 33 3
78 49 1
176 9 1
205 99 1
10 19 1
87 3 1
0 5 19
114 223 1
77 41 1
53 0 5
57 69 1
39 109 2
43 118 1
29 55 2
32 261 1
285 173 1
52 200 1
19 1 7
5 62 2
133 9 1
15 117 1
5 79 1
109 156 1
4 24 12
303 12 1
13 167 1
216 13 2
17 44 1
39 11 1
37 33 1
94 18 1
97 0 6
155 186 1
70 43 1
3 126 1
22 206 1
60 117 1
478 284 1
121 1 1
249 52 1
411 453 1
127 63 2
325 21 1
26 52 1
192 212 1
231 77 1
2 45 2
3 284 1
415 43 1
254 1 1
1 355 1
59 21 2
25 101 2
45 26 1
106 24 1
159 22 1
55 65 1
31 248 1
117 147 1
10 322 1
1 13 6
186 3 1
78 13 1
25 135 1
7 115 1
10 213 1
0 451 1
171 362 1
209 51 1
7 128 1
158 116 1
34 62 1
0 114 2
20 125 1
134 13 1
10 55 2
9 373 1
356 4 1
57 97 1
322 7 1
143 23 1
294 161 1
5 18 1
66 0 1
28 67 1
160 197 1
180 8 1
32 15 1
18 46 1
327 56 1
259 296 1
146 138 1
189 40 1
218 275 1
86 400 1
112 59 1
19 473 1
222 48 1
4 131 1
23 417 1
84 177 1
17 8 1
64 45 1
84 32 3
212 93 2
178 29 1
70 23 1
8 77 2
353 1 1
26 153 2
121 29 1
287 274 1
225 79 1
26 8 4
231 113 1
69 86 1
415 126 1
1 478 2
2 49 3
79 13 1
103 187 1
159 101 1
31 63 1
159 10 2
257 22 1
22 21 1
79 291 1
232 426 1
475 222 1
172 22 1
11 144 1
233 0 1
54 22 1
24 37 1
101 25 2
30 31 1
215 1 1
93 41 1
24 84 2
498 55 1
280 254 1
10 43 2
182 9 1
20 128 2
43 33 1
67 167 1
33 11 2
104 160 1
52 128 1
104 207 1
109 66 1
42 13 2
32 43 1
365 361 1
4 65 1
5 296 1
8 4 4
32 154 1
19 388 1
17 72 1
4 208 1
61 1 2
84 213 1
3 41 2
61 227 1
64 9 2
198 68 2
127 102 1
40 34 2
117 60 1
231 4 1
1 393 1
258 24 1
97 32 1
117 173 1
12 15 5
382 3 1
2 21 4
79 225 1
20 21 1
103 223 1
3 485 1
10 395 1
102 29 2
31 19 1
381 74 1
205 284 1
68 20 1
34 132 1
72 47 1
1 117 1
276 40 1
24 1 3
101 61 1
0 58 6
422 287 1
77 4 2
208 189 2
134 213 1
114 11 1
43 13 7
104 13 2
33 23 1
271 21 1
29 195 1
416 8 1
5 106 4
133 165 1
160 13 1
89 153 1
52 11 1
345 7 1
455 62 1
402 70 1
166 55 2
8 81 1
193 75 1
142 60 1
327 0 1
4 37 3
8 32 2
435 163 1
274 287 1
187 85 1
27 125 1
201 67 1
108 0 2
37 12 1
222 8 1
13 19 1
17 208 1
3 5 9
97 18 1
61 263 1
3 146 1
22 146 2
154 10 1
46 20 1
359 119 1
59 155 2
22 13 2
207 3 2
139 291 1
103 114 1
415 54 1
2 42 1
120 10 1
31 102 1
159 61 1
287 8 1
120 121 1
139 1 1
12 273 1
1 32 7
2 7 1
106 455 1
234 272 1
290 30 1
54 47 1
21 414 1
78 161 1
44 17 1
158 25 1
91 470 1
54 222 1
21 271 1
24 29 1
158 168 1
39 159 1
24 140 1
171 47 1
63 21 1
29 54 1
393 20 1
19 0 3
20 303 1
5 61 2
133 8 1
9 58 1
29 167 1
19 113 1
38 194 1
104 263 1
109 10 1
146 20 2
99 12 1
264 215 1
506 22 1
4 25 3
189 3 1
303 15 1
236 34 1
41 20 1
47 10 1
13 166 1
17 35 1
40 220 1
192 55 1
13 55 4
54 182 1
22 207 1
64 113 1
192 166 1
121 0 1
50 60 1
103 1 4
16 3 2
291 139 1
93 107 1
4 69 3
22 41 1
476 4 1
159 17 1
415 187 1
55 64 1
257 9 1
25 21 1
102 37 1
200 45 1
1 12 4
101 147 1
11 119 1
68 108 1
414 112 1
239 5 1
115 11 1
243 254 1
9 410 1
262 68 1
30 32 2
0 115 1
92 160 1
134 2 2
10 52 2
11 341 1
87 38 2
343 152 1
111 172 1
63 9 2
20 348 1
5 128 1
43 85 2
9 197 1
29 26 3
322 4 1
34 204 1
5 17 6
62 66 1
42 22 2
156 50 1
32 0 2
27 263 1
85 5 1
213 48 1
75 51 2
17 126 1
27 37 1
23 17 1
40 71 1
3 93 1
353 0 1
192 130 1
174 22 1
74 170 1
2 159 1
221 9 1
97 27 1
26 9 2
140 49 1
55 134 1
174 240 1
254 34 1
187 103 1
3 37 1
101 117 1
96 59 1
24 264 1
442 27 1
44 187 1
7 449 1
11 2 6
68 49 2
0 305 1
1 104 4
21 101 1
280 33 1
11 147 1
30 28 1
215 0 1
312 353 1
43 32 1
171 119 1
33 10 3
39 52 1
283 359 1
19 56 1
211 144 1
9 114 1
288 23 1
42 10 1
28 41 1
180 156 1
4 66 1
8 5 12
89 94 1
273 103 1
4 209 1
61 0 6
158 376 1
37 23 1
165 34 1
27 1 1
212 3 2
93 39 1
64 10 1
100 2 1
84 69 1
377 53 1
13 127 1
70 112 1
3 185 2
60 62 2
121 56 1
144 1 1
453 25 1
93 34 1
258 25 1
25 258 1
12 8 2
415 93 1
3 343 2
150 154 1
335 138 1
49 21 1
12 159 1
36 277 1
49 102 1
119 184 1
21 8 2
361 37 1
58 15 1
21 121 1
105 40 1
162 33 2
347 103 1
52 249 1
24 2 4
187 31 1
209 122 1
262 12 1
0 59 2
20 54 2
77 3 5
6 1 1
57 47 1
20 165 1
167 22 1
228 0 1
33 22 5
80 23 1
9 29 4
318 17 1
194 3 1
15 19 1
39 425 1
89 9 1
94 282 1
376 158 1
133 326 1
47 128 1
63 31 1
213 79 1
62 455 1
444 3 1
28 322 1
140 260 1
179 214 2
3 4 10
23 89 1
64 22 1
50 25 2
37 365 1
3 149 1
225 5 1
154 11 1
231 43 1
268 55 1
16 24 2
2 71 1
59 154 1
22 2 1
207 2 1
31 208 1
77 341 1
291 127 1
44 349 1
177 68 1
106 34 2
5 286 1
35 98 2
1 59 3
1 182 1
55 127 1
96 116 1
224 57 1
25 56 1
7 46 1
42 285 1
1 39 2
68 9 2
414 21 1
182 17 1
43 317 1
105 4 1
305 506 1
34 24 2
0 104 4
347 67 1
348 440 1
134 39 2
10 17 5
0 7 8
77 39 1
63 20 5
34 165 1
380 120 1
39 111 1
5 171 1
43 104 2
9 168 1
66 395 1
29 53 1
322 33 1
33 50 1
90 5 1
19 3 4
5 60 2
426 3 1
9 57 2
318 13 1
104 249 1
10 225 1
241 0 1
294 10 1
5 77 2
29 343 1
10 73 1
109 9 1
132 64 1
5 478 1
28 17 1
32 84 3
75 22 1
4 26 4
41 27 1
13 165 1
108 101 1
37 47 1
505 55 1
13 54 1
420 8 1
50 61 1
13 391 2
315 163 1
26 50 1
91 0 1
174 106 1
103 0 1
73 117 1
2 43 2
97 111 1
79 43 1
83 44 1
69 1 1
197 220 1
1 353 1
3 431 1
45 24 1
72 138 1
126 93 2
1 146 2
404 201 1
413 112 1
25 20 3
11 25 8
72 25 2
1 3 26
58 84 1
186 1 2
152 145 1
116 194 1
54 8 1
54 187 1
20 127 4
205 5 1
43 182 1
10 53 1
0 227 1
185 41 1
147 131 1
115 296 1
9 379 1
63 8 2
104 55 1
285 30 1
0 146 1
425 395 1
43 84 1
100 3 1
137 31 1
29 25 4
19 31 1
5 16 4
104 213 1
86 69 1
32 1 7
113 234 1
4 111 2
8 106 2
62 189 1
85 4 2
213 63 2
4 254 1
62 268 1
165 13 1
222 54 1
13 201 1
23 16 1
64 47 1
70 21 1
17 159 1
326 163 2
64 94 1
50 33 1
173 165 1
12 101 1
69 84 1
2 15 6
40 358 1
159 103 1
182 268 1
187 102 1
12 1 4
1 254 1
79 301 1
10 356 2
11 5 3
72 53 2
0 417 1
54 20 2
384 0 1
262 33 1
101 7 1
357 109 1
30 29 3
128 5 1
20 19 1
114 146 1
77 30 1
43 146 1
10 41 1
67 24 1
0 207 1
19 116 1
33 9 2
53 70 1
9 224 1
195 269 1
223 187 1
284 45 1
38 196 1
166 9 2
42 11 1
388 19 1
227 13 1
506 476 1
15 220 1
18 16 1
75 65 1
38 87 2
31 83 1
317 4 1
89 93 1
61 31 1
8 149 1
283 13 1
13 156 2
198 152 1
37 22 1
165 33 1
94 89 1
27 0 5
3 43 2
23 52 2
249 1 1
13 126 1
106 70 1
282 97 1
16 61 1
144 2 6
2 96 1
22 103 2
0 359 1
187 212 1
12 9 1
126 187 1
1 312 1
82 2 1
49 20 1
1 169 1
3 487 1
25 35 1
263 41 1
343 287 1
21 23 1
150 485 1
48 91 1
11 33 2
200 102 1
44 47 1
394 10 1
24 3 1
101 59 1
138 55 1
20 55 2
114 182 1
252 40 1
114 9 1
43 15 1
228 1 1
104 15 1
67 133 1
146 268 1
156 341 1
160 144 1
379 4 1
52 102 1
15 18 1
365 41 1
5 104 2
9 109 1
66 70 1
52 21 1
113 33 1
8 83 1
156 123 1
89 8 2
38 115 1
4 39 3
8 34 1
227 438 1
65 55 1
47 131 1
401 21 1
108 4 2
41 62 1
4 182 1
478 5 1
275 30 1
37 10 4
13 17 1
187 348 1
3 7 1
70 93 1
73 207 1
40 0 1
225 4 4
117 30 1
340 307 1
36 84 2
2 68 1
22 3 13
26 78 1
69 44 1
59 10 2
480 37 1
173 126 1
25 63 1
120 123 1
102 63 1
21 43 1
176 12 1
68 10 1
3 1 26
291 301 2
10 143 1
278 133 1
34 25 2
61 267 1
148 17 1
24 31 1
464 166 1
10 30 3
138 43 1
373 9 1
91 89 1
309 2 1
53 13 1
347 352 1
43 107 1
29 52 3
33 49 1
90 2 1
5 59 2
8 273 2
33 162 2
241 7 3
62 55 1
114 1 3
38 12 4
167 9 1
223 0 1
28 18 1
4 27 5
8 222 1
142 137 1
41 26 2
118 24 1
47 20 1
17 33 1
23 15 3
13 53 1
491 7 2
2 262 1
259 141 1
26 128 1
102 415 1
3 240 1
103 3 1
16 5 4
1 503 1
2 40 5
102 262 1
97 72 1
177 22 1
486 24 1
69 0 1
254 4 1
187 93 1
45 23 1
35 1 3
182 208 1
77 390 1
25 27 3
11 24 1
0 343 1
1 2 10
115 156 1
25 132 1
233 41 1
125 11 1
54 9 3
208 345 1
10 163 1
195 101 1
91 52 1
209 65 1
0 228 1
63 11 2
104 56 1
232 13 1
285 29 1
33 108 1
29 24 1
33 221 1
15 37 2
312 20 1
204 34 1
5 31 5
62 64 1
473 7 1
56 25 1
42 20 1
133 251 1
137 248 1
32 2 1
160 55 1
18 45 1
4 104 3
5 305 1
29 427 1
32 113 1
344 50 1
98 97 1
64 177 1
47 40 1
17 13 1
127 254 1
68 144 1
40 186 1
368 231 1
131 5 1
23 19 1
13 89 1
127 79 1
2 234 1
207 167 1
97 25 1
31 11 1
481 186 1
103 39 1
254 32 1
25 70 1
267 1 1
55 422 1
82 0 1
11 4 3
125 47 1
101 6 1
78 23 2
105 195 1
34 65 1
21 325 1
413 59 1
161 66 1
57 17 1
494 62 1
43 34 1
104 20 2
33 8 1
26 425 1
111 416 1
170 50 1
87 411 1
15 174 1
113 4 1
42 8 3
32 46 1
17 318 1
132 25 1
85 39 1
61 30 2
37 21 1
151 13 2
27 3 1
212 13 1
127 146 1
3 187 1
268 13 2
3 200 1
225 104 1
12 10 1
59 225 1
187 20 1
35 72 1
25 34 2
0 352 1
328 45 1
21 22 1
22 305 1
7 39 1
11 32 1
34 131 1
78 72 1
305 476 1
24 4 12
210 1 1
262 2 1
0 61 6
313 42 1
77 1 3
6 7 1
157 105 1
20 167 1
33 20 1
271 22 1
167 225 1
9 3 6
9 108 1
113 32 1
33 97 1
28 15 1
213 5 2
435 55 1
4 32 3
85 59 1
506 96 1
41 61 1
112 70 1
330 5 2
411 332 1
13 16 1
108 146 1
3 6 1
23 91 1
192 93 1
40 1 1
154 9 1
22 0 5
126 212 1
59 13 2
25 62 1
2 57 3
45 67 1
49 128 1
200 52 1
1 37 1
21 42 4
44 125 1
72 78 1
79 5 1
1 86 1
55 287 2
81 128 1
138 89 1
30 203 1
34 22 1
343 0 1
0 106 1
367 142 1
10 31 2
67 66 1
195 25 1
204 291 1
0 25 8
309 1 1
20 212 1
294 479 1
63 22 2
90 144 1
20 187 1
333 268 1
5 66 1
19 5 3
9 63 2
123 73 1
440 187 1
38 178 1
114 268 2
4 117 2
62 135 1
89 107 1
189 0 2
47 166 1
8 420 1
41 25 1
8 174 1
47 23 1
64 197 1
13 52 1
146 117 1
168 35 1
121 5 1
249 56 1
400 86 1
3 243 1
225 39 1
26 48 1
103 2 1
16 6 1
73 123 1
2 41 1
22 44 1
69 15 1
16 149 1
45 22 1
106 4 2
35 0 1
1 144 1
149 8 1
25 26 1
45 167 1
11 27 2
72 27 1
92 198 1
55 498 1
11 104 1
85 43 2
72 106 1
77 231 1
115 12 2
11 249 1
30 39 1
158 139 1
24 235 1
63 10 2
29 102 2
0 148 1
39 13 2
29 23 1
19 33 3
32 227 1
5 30 4
133 105 1
251 24 1
38 222 2
42 21 4
63 377 1
156 13 2
32 3 1
455 3 1
4 105 1
223 103 1
8 108 1
4 248 1
435 156 1
216 10 1
47 43 1
17 12 1
3 49 3
131 4 1
259 91 1
23 18 1
117 435 1
154 431 1
192 22 1
50 76 1
198 92 1
255 5 2
60 21 2
134 59 1
121 33 1
118 92 1
26 20 2
361 480 1
359 184 1
1 466 1
292 247 1
44 400 1
301 127 1
49 127 1
163 243 2
96 62 1
135 9 1
115 123 1
44 69 1
45 284 1
394 20 1
10 68 1
30 3 7
87 86 2
0 82 1
128 7 1
20 29 3
0 193 1
114 227 1
43 37 1
33 15 1
147 3 1
5 225 1
378 318 1
345 47 1
166 15 1
351 1 1
29 285 1
32 47 1
4 77 2
448 351 1
284 205 1
296 259 1
61 29 3
8 151 1
249 293 3
212 415 1
145 34 2
37 20 1
259 38 1
27 2 1
84 209 1
88 20 1
37 229 1
3 45 3
46 141 1
43 70 1
2 207 1
50 147 1
3 186 1
22 138 1
406 21 1
282 111 1
3 203 1
5 216 1
490 29 1
2 17 9
305 96 1
55 20 2
25 33 1
120 97 1
0 353 1
367 407 1
11 35 1
1 73 1
58 10 1
280 0 2
24 5 12
10 120 1
0 62 1
20 49 1
276 155 1
36 209 3
177 55 1
20 160 1
43 1 4
33 43 1
80 10 1
9 2 6
119 171 1
503 8 1
15 28 1
19 89 1
8 454 1
62 25 1
137 166 1
322 250 1
160 1 2
52 23 2
53 378 1
351 101 1
28 8 1
156 117 1
213 4 1
142 0 1
240 174 1
4 33 3
118 131 1
41 60 1
61 33 2
17 59 1
37 8 2
41 77 1
4 327 1
13 15 1
269 101 1
37 153 1
3 9 6
64 105 1
410 13 1
2 211 1
40 2 5
3 150 1
154 22 1
16 27 2
36 86 4
93 3 1
22 1 3
248 212 1
391 197 2
1 139 1
48 234 1
102 61 1
253 191 1
0 333 1
1 36 1
8 33 1
125 101 1
200 132 1
10 141 2
105 9 1
343 3 2
20 102 1
81 16 1
10 28 1
105 154 1
0 26 5
66 279 1
114 43 3
63 102 1
29 50 1
32 282 1
165 466 1
5 57 1
9 62 3
5 475 1
133 278 1
165 133 1
4 5 15
165 22 1
4 148 1
37 44 1
4 315 1
23 9 2
26 287 1
101 3 1
3 101 1
127 58 1
221 33 1
3 242 1
279 66 1
26 49 1
46 52 1
201 13 1
22 45 1
315 21 2
177 20 1
362 24 1
254 10 1
22 412 1
106 5 4
22 271 1
7 473 1
49 163 1
1 0 25
21 77 3
25 138 1
101 159 1
11 107 1
125 9 1
54 15 1
115 15 1
45 328 1
21 303 1
208 234 1
87 34 1
39 191 1
43 56 1
29 101 4
176 487 1
0 149 1
104 73 1
15 39 1
19 32 1
5 29 8
450 194 1
93 149 1
284 123 1
32 4 3
469 49 1
38 46 2
4 106 2
29 425 1
75 55 1
273 8 2
17 3 1
296 70 1
23 45 1
258 0 1
144 25 2
2 155 1
150 3 1
26 21 1
73 22 1
2 10 4
25 68 1
391 13 2
489 0 1
201 404 1
243 49 1
7 82 1
48 1 2
34 236 1
128 105 1
70 382 1
66 5 1
10 69 1
30 0 5
0 83 1
20 30 2
191 23 1
30 290 1
412 22 1
5 224 1
123 131 1
33 255 1
52 141 1
345 189 1
147 115 1
5 113 2
227 161 1
15 168 2
153 37 1
193 98 1
18 15 1
4 78 1
8 9 2
85 37 1
378 17 1
293 104 1
4 221 2
359 283 1
108 25 1
37 19 1
293 249 3
27 5 5
127 156 1
3 44 1
212 126 1
3 189 1
46 253 1
36 51 5
2 127 3
79 127 1
12 4 3
305 22 1
13 349 1
235 341 1
83 233 1
31 137 1
21 163 1
25 32 1
31 30 1
21 20 1
206 16 1
10 263 1
11 34 1
1 72 5
58 11 1
280 1 2
10 150 1
0 384 1
283 119 1
333 4 1
9 470 1
262 0 1
10 121 1
0 63 5
114 4 1
42 313 1
495 47 1
43 0 1
9 176 1
440 20 1
133 31 1
9 1 7
15 31 1
422 55 1
5 85 1
8 455 1
137 165 1
341 77 1
53 377 1
19 201 1
132 104 1
325 201 1
89 13 1
4 34 2
23 262 2
8 37 2
378 53 1
165 113 1
8 180 1
361 146 1
448 43 1
47 125 1
50 307 1
127 291 1
151 19 1
279 94 1
108 140 1
3 8 12
377 213 1
13 415 1
127 1 1
37 361 1
391 294 1
36 87 1
2 67 1
3 294 1
49 53 4
72 146 1
1 138 1
81 118 1
22 352 1
210 0 1
139 4 1
92 252 1
10 315 1
263 159 1
234 285 1
34 20 1
343 2 1
0 108 2
128 81 1
20 103 4
249 5 5
10 29 1
488 47 1
343 243 1
0 27 5
219 385 1
124 2 1
161 8 1
53 10 1
0 138 2
238 14 1
39 107 1
167 54 1
5 151 1
228 32 1
29 49 2
33 54 1
90 1 3
19 7 1
5 56 3
261 78 1
156 180 1
506 305 1
15 115 1
365 10 1
42 63 1
5 73 2
473 89 1
38 3 1
84 453 1
213 39 1
18 87 1
98 233 1
112 21 3
41 31 1
350 19 1
64 168 1
62 487 1
47 17 1
164 339 1
37 43 1
38 380 1
60 156 1
23 8 1
84 10 1
377 0 1
3 100 1
22 192 1
117 78 1
121 11 2
50 57 1
25 333 1
188 175 1
29 16 1
36 75 1
93 102 1
349 412 1
22 34 1
192 345 1
220 111 1
59 43 3
25 111 1
120 43 1
106 2 1
328 24 1
1 150 1
486 84 1
277 65 1
25 24 1
101 269 1
11 29 6
1 7 3
243 84 1
11 106 2
68 105 1
125 8 2
10 174 1
229 58 1
0 72 3
128 61 1
205 1 1
43 59 3
63 52 2
104 59 1
275 218 1
39 15 1
43 72 1
137 3 1
29 21 1
19 35 1
5 28 1
7 345 1
9 89 1
29 134 1
52 3 1
275 250 1
204 172 2
118 302 1
32 5 4
109 233 1
436 303 1
85 0 1
213 59 2
401 65 1
260 140 1
62 304 1
21 59 2
116 96 1
145 68 1
213 85 1
169 78 1
118 123 1
411 153 1
13 197 2
17 2 9
40 189 1
60 160 1
23 44 2
64 35 1
3 64 1
477 9 1
60 23 1
268 100 1
221 4 2
26 18 1
2 11 6
3 382 1
187 13 2
248 13 1
12 240 2
3 399 1
7 431 1
10 352 1
7 77 1
48 2 3
125 44 1
162 22 1
10 66 2
30 1 5
128 25 1
20 31 2
67 28 1
162 248 1
43 39 1
9 155 1
33 13 3
5 239 1
15 58 1
5 112 1
123 115 1
52 61 1
166 13 1
193 97 1
341 25 1
18 12 2
38 75 1
4 79 1
223 69 1
8 10 3
317 0 1
101 121 2
24 34 2
94 93 1
27 4 5
65 329 1
141 52 1
3 47 1
296 35 1
64 15 1
410 55 1
84 66 2
400 1 1
410 166 1
27 18 1
16 49 1
2 124 1
349 83 1
187 440 1
173 133 1
12 5 8
31 251 1
287 141 1
163 435 1
49 8 1
1 173 1
55 22 1
21 162 1
25 39 3
153 26 2
45 92 1
30 70 1
149 78 1
181 477 1
1 79 2
475 48 1
58 8 1
81 42 1
156 435 1
