# Undirected graph (each unordered pair of nodes is saved once): investor_network_undirected_unweighted.txt
# Nodes: 512 Edges: 3232
# NodeId	NodeId
184	283
184	359
150	154
150	485
254	280
254	341
90	111
90	144
90	160
262	273
113	165
113	167
113	208
113	231
113	234
113	355
395	425
127	129
127	146
127	156
127	165
127	189
127	208
127	254
127	262
127	291
127	301
127	341
127	463
134	213
134	225
80	159
80	178
131	135
131	147
131	286
131	495
61	95
61	101
61	102
61	128
61	159
61	200
61	203
61	227
61	263
61	267
61	343
61	438
410	422
162	232
162	248
126	173
126	187
126	212
126	267
126	415
45	59
45	64
45	67
45	82
45	92
45	94
45	135
45	167
45	195
45	200
45	250
45	284
45	328
45	396
45	416
45	483
158	168
158	376
158	443
233	303
174	240
174	455
84	86
84	97
84	111
84	141
84	177
84	209
84	213
84	243
84	254
84	282
84	336
84	453
84	486
3	4
3	5
3	6
3	7
3	8
3	9
3	10
3	11
3	12
3	13
3	15
3	16
3	17
3	19
3	20
3	21
3	22
3	23
3	24
3	25
3	26
3	27
3	29
3	30
3	31
3	32
3	33
3	34
3	37
3	38
3	39
3	41
3	43
3	44
3	45
3	47
3	49
3	52
3	53
3	54
3	55
3	56
3	58
3	59
3	61
3	62
3	63
3	64
3	66
3	68
3	70
3	73
3	77
3	79
3	84
3	85
3	87
3	93
3	100
3	101
3	102
3	103
3	104
3	106
3	107
3	113
3	117
3	120
3	121
3	126
3	127
3	132
3	133
3	137
3	138
3	146
3	147
3	149
3	150
3	154
3	156
3	162
3	165
3	166
3	167
3	173
3	174
3	176
3	185
3	186
3	187
3	189
3	194
3	195
3	200
3	203
3	206
3	207
3	212
3	225
3	229
3	232
3	240
3	242
3	243
3	248
3	250
3	271
3	273
3	275
3	279
3	284
3	285
3	294
3	331
3	336
3	338
3	341
3	343
3	367
3	382
3	390
3	399
3	407
3	415
3	426
3	431
3	444
3	455
3	466
3	478
3	485
3	487
3	500
247	292
85	104
85	132
85	134
85	187
85	213
85	225
85	294
85	312
85	327
85	348
85	440
250	275
250	284
250	322
250	362
287	343
287	410
287	422
77	104
77	113
77	152
77	231
77	273
77	341
77	390
42	43
42	57
42	60
42	63
42	81
42	285
42	313
99	205
64	78
64	94
64	97
64	101
64	103
64	105
64	113
64	132
64	135
64	139
64	160
64	165
64	168
64	169
64	177
64	197
64	372
300	385
253	290
294	391
294	470
294	479
121	133
121	154
121	249
121	293
130	192
130	345
93	94
93	102
93	107
93	115
93	126
93	149
93	187
93	192
93	212
93	253
93	348
93	415
13	15
13	16
13	17
13	19
13	20
13	21
13	22
13	24
13	25
13	31
13	33
13	34
13	37
13	39
13	41
13	42
13	43
13	52
13	53
13	54
13	55
13	59
13	60
13	61
13	62
13	67
13	72
13	77
13	78
13	79
13	85
13	89
13	93
13	102
13	103
13	104
13	113
13	114
13	117
13	119
13	126
13	127
13	133
13	134
13	138
13	146
13	151
13	156
13	160
13	165
13	166
13	167
13	177
13	182
13	184
13	187
13	197
13	201
13	212
13	213
13	214
13	216
13	219
13	221
13	225
13	227
13	231
13	232
13	248
13	251
13	254
13	268
13	273
13	283
13	287
13	294
13	305
13	318
13	327
13	333
13	341
13	349
13	359
13	378
13	391
13	410
13	415
13	422
13	435
13	438
13	479
192	212
192	248
192	345
192	446
30	31
30	32
30	39
30	42
30	43
30	45
30	58
30	59
30	61
30	70
30	77
30	78
30	80
30	95
30	102
30	117
30	174
30	203
30	253
30	262
30	269
30	273
30	275
30	285
30	290
30	425
119	155
119	158
119	171
119	184
119	186
119	283
119	359
204	291
204	301
136	177
136	344
181	477
191	253
16	17
16	18
16	19
16	20
16	23
16	24
16	27
16	29
16	49
16	61
16	71
16	81
16	103
16	128
16	149
16	206
35	38
35	45
35	47
35	48
35	53
35	57
35	64
35	66
35	72
35	78
35	91
35	97
35	98
35	132
35	137
35	168
35	259
35	276
35	296
35	355
111	172
111	220
111	227
111	282
111	416
186	220
186	481
135	147
135	156
135	449
135	483
125	228
125	388
239	436
235	341
1	2
1	3
1	4
1	5
1	6
1	7
1	8
1	9
1	10
1	11
1	12
1	13
1	15
1	17
1	19
1	20
1	21
1	22
1	23
1	24
1	25
1	26
1	27
1	29
1	30
1	31
1	32
1	33
1	34
1	35
1	36
1	37
1	39
1	40
1	41
1	43
1	44
1	45
1	47
1	48
1	49
1	52
1	53
1	54
1	55
1	56
1	57
1	58
1	59
1	61
1	62
1	63
1	64
1	68
1	69
1	70
1	71
1	72
1	73
1	77
1	78
1	79
1	86
1	89
1	90
1	93
1	94
1	97
1	101
1	102
1	103
1	104
1	107
1	112
1	113
1	114
1	117
1	119
1	121
1	126
1	127
1	128
1	133
1	138
1	139
1	144
1	146
1	148
1	150
1	154
1	157
1	159
1	160
1	161
1	165
1	169
1	173
1	179
1	182
1	185
1	186
1	192
1	205
1	210
1	212
1	215
1	225
1	228
1	249
1	251
1	254
1	258
1	267
1	268
1	276
1	280
1	284
1	287
1	305
1	309
1	312
1	327
1	341
1	351
1	353
1	355
1	376
1	379
1	386
1	393
1	400
1	407
1	431
1	432
1	448
1	466
1	469
1	478
1	485
1	503
177	214
177	372
123	131
123	153
123	156
123	284
194	450
20	21
20	22
20	24
20	25
20	26
20	29
20	30
20	31
20	33
20	34
20	37
20	39
20	40
20	41
20	42
20	46
20	47
20	49
20	54
20	55
20	57
20	58
20	61
20	62
20	63
20	68
20	73
20	79
20	81
20	84
20	85
20	88
20	92
20	97
20	102
20	103
20	104
20	106
20	114
20	117
20	125
20	127
20	128
20	146
20	159
20	160
20	162
20	165
20	167
20	177
20	187
20	189
20	197
20	212
20	220
20	225
20	248
20	254
20	262
20	268
20	280
20	291
20	301
20	303
20	312
20	333
20	347
20	348
20	352
20	393
20	394
20	440
20	490
20	500
307	340
307	344
208	234
208	345
303	436
47	52
47	54
47	57
47	64
47	72
47	78
47	97
47	105
47	125
47	128
47	131
47	138
47	166
47	171
47	189
47	205
47	208
47	227
47	345
47	488
47	495
222	475
36	38
36	44
36	51
36	52
36	65
36	66
36	69
36	75
36	84
36	86
36	87
36	153
36	209
36	277
168	307
168	340
168	344
168	488
11	15
11	17
11	20
11	24
11	25
11	27
11	29
11	30
11	31
11	32
11	33
11	34
11	35
11	39
11	40
11	41
11	42
11	50
11	52
11	55
11	56
11	58
11	61
11	63
11	88
11	97
11	101
11	104
11	106
11	107
11	113
11	114
11	115
11	119
11	121
11	125
11	126
11	127
11	139
11	144
11	147
11	154
11	155
11	158
11	173
11	208
11	234
11	235
11	249
11	267
11	285
11	293
11	309
11	327
11	341
11	353
11	376
11	377
114	138
114	146
114	159
114	161
114	182
114	187
114	223
114	227
114	268
114	333
117	127
117	146
117	147
117	156
117	160
117	173
117	216
117	435
201	231
201	325
201	327
201	368
201	404
154	172
154	249
154	293
154	431
154	485
268	333
92	118
92	139
92	155
92	160
92	186
92	198
92	252
57	63
57	69
57	97
57	148
57	221
57	224
57	312
57	353
83	84
83	86
83	101
83	107
83	108
83	163
83	168
83	210
83	233
83	314
83	315
83	349
83	412
83	453
41	50
41	55
41	58
41	60
41	61
41	62
41	77
41	89
41	93
41	101
41	113
41	114
41	153
41	159
41	185
41	231
41	233
41	263
41	287
41	357
41	365
106	174
106	240
106	455
86	87
86	288
86	400
86	453
274	287
411	453
46	52
46	94
46	141
46	253
46	490
198	240
108	115
108	123
108	140
108	146
108	233
108	472
227	438
160	197
160	435
28	30
28	33
28	38
28	41
28	45
28	47
28	67
28	100
28	221
28	322
28	325
28	467
54	57
54	63
54	93
54	102
54	126
54	167
54	182
54	187
54	212
54	222
54	415
43	47
43	54
43	56
43	59
43	68
43	70
43	72
43	77
43	78
43	79
43	84
43	85
43	93
43	102
43	103
43	104
43	107
43	112
43	114
43	118
43	120
43	126
43	133
43	134
43	138
43	141
43	146
43	154
43	182
43	187
43	212
43	213
43	225
43	231
43	247
43	253
43	268
43	273
43	290
43	313
43	317
43	415
43	448
318	378
73	81
73	104
73	117
73	120
73	123
73	127
73	146
73	153
73	181
73	207
27	28
27	30
27	31
27	33
27	37
27	41
27	42
27	44
27	47
27	50
27	52
27	63
27	72
27	80
27	81
27	84
27	97
27	106
27	125
27	128
27	263
27	442
26	29
26	30
26	31
26	32
26	33
26	39
26	41
26	44
26	45
26	48
26	49
26	50
26	52
26	61
26	63
26	78
26	81
26	82
26	101
26	120
26	128
26	141
26	153
26	185
26	193
26	211
26	287
26	380
26	425
152	198
152	287
152	343
38	45
38	46
38	48
38	56
38	73
38	75
38	80
38	87
38	91
38	115
38	146
38	178
38	194
38	196
38	222
38	259
38	296
38	370
38	380
38	475
15	18
15	19
15	20
15	23
15	26
15	28
15	30
15	31
15	32
15	33
15	34
15	35
15	37
15	39
15	41
15	42
15	43
15	44
15	45
15	50
15	54
15	58
15	64
15	69
15	70
15	81
15	88
15	90
15	104
15	108
15	111
15	115
15	117
15	135
15	139
15	146
15	166
15	168
15	174
15	200
15	220
15	242
15	258
15	274
15	303
15	412
15	464
15	488
161	227
161	294
161	470
161	503
5	8
5	9
5	10
5	11
5	12
5	13
5	15
5	16
5	17
5	18
5	19
5	20
5	21
5	22
5	23
5	24
5	25
5	27
5	28
5	29
5	30
5	31
5	32
5	33
5	34
5	36
5	38
5	39
5	41
5	42
5	43
5	44
5	48
5	49
5	52
5	53
5	56
5	57
5	59
5	60
5	61
5	62
5	63
5	66
5	68
5	69
5	70
5	72
5	73
5	77
5	79
5	83
5	85
5	90
5	91
5	95
5	97
5	104
5	106
5	112
5	113
5	115
5	121
5	128
5	131
5	133
5	134
5	151
5	154
5	161
5	171
5	174
5	175
5	177
5	178
5	191
5	195
5	205
5	208
5	213
5	215
5	216
5	224
5	225
5	234
5	239
5	240
5	242
5	249
5	255
5	263
5	273
5	284
5	286
5	293
5	296
5	305
5	330
5	342
5	362
5	377
5	451
5	455
5	475
5	478
5	503
32	42
32	43
32	46
32	47
32	48
32	59
32	63
32	84
32	94
32	97
32	111
32	113
32	128
32	141
32	154
32	227
32	228
32	243
32	253
32	254
32	259
32	261
32	271
32	282
32	285
32	288
153	332
153	411
153	473
68	90
68	94
68	102
68	105
68	108
68	127
68	144
68	145
68	154
68	177
68	178
68	198
68	255
68	262
68	323
234	272
234	285
34	38
34	40
34	43
34	55
34	62
34	65
34	68
34	71
34	72
34	87
34	93
34	105
34	106
34	114
34	127
34	131
34	132
34	135
34	141
34	145
34	147
34	154
34	156
34	161
34	165
34	184
34	194
34	204
34	215
34	227
34	236
34	254
34	305
34	341
34	502
213	225
213	377
240	424
240	455
157	240
82	452
19	20
19	23
19	25
19	27
19	31
19	32
19	33
19	35
19	37
19	38
19	43
19	45
19	56
19	78
19	79
19	89
19	98
19	100
19	113
19	116
19	118
19	125
19	132
19	151
19	153
19	200
19	201
19	231
19	264
19	271
19	288
19	350
19	355
19	368
19	388
19	439
19	473
53	60
53	70
53	72
53	156
53	178
53	255
53	299
53	318
53	377
53	378
72	78
72	97
72	106
72	114
72	131
72	138
72	146
72	182
72	268
71	184
71	382
71	387
142	163
142	228
142	367
59	61
59	70
59	79
59	84
59	85
59	96
59	101
59	104
59	112
59	134
59	142
59	154
59	155
59	203
59	213
59	216
59	225
59	367
59	413
59	478
17	19
17	21
17	22
17	23
17	24
17	26
17	27
17	28
17	29
17	31
17	33
17	35
17	37
17	43
17	44
17	45
17	47
17	49
17	53
17	57
17	59
17	66
17	67
17	72
17	84
17	97
17	106
17	108
17	126
17	131
17	140
17	148
17	159
17	182
17	184
17	190
17	208
17	251
17	318
17	378
17	495
178	232
146	182
146	221
146	255
146	268
146	361
207	225
151	177
151	214
31	32
31	33
31	39
31	41
31	49
31	52
31	61
31	63
31	64
31	67
31	70
31	83
31	101
31	102
31	113
31	120
31	133
31	137
31	146
31	151
31	155
31	166
31	186
31	187
31	192
31	208
31	212
31	234
31	248
31	251
14	41
14	143
14	238
291	301
67	133
67	167
67	201
67	251
67	347
218	251
218	275
175	188
139	158
139	160
139	276
139	291
139	376
305	476
305	506
215	264
4	5
4	7
4	8
4	9
4	10
4	11
4	12
4	13
4	15
4	17
4	18
4	19
4	20
4	21
4	22
4	23
4	24
4	25
4	26
4	27
4	28
4	30
4	31
4	32
4	33
4	34
4	35
4	36
4	37
4	39
4	40
4	41
4	42
4	43
4	44
4	45
4	49
4	50
4	52
4	53
4	54
4	55
4	56
4	57
4	58
4	59
4	61
4	62
4	63
4	64
4	65
4	66
4	68
4	69
4	70
4	72
4	77
4	78
4	79
4	83
4	84
4	85
4	86
4	88
4	89
4	94
4	95
4	96
4	100
4	104
4	105
4	106
4	108
4	111
4	113
4	114
4	117
4	120
4	123
4	125
4	131
4	134
4	135
4	138
4	139
4	146
4	148
4	154
4	155
4	162
4	163
4	167
4	182
4	190
4	193
4	207
4	208
4	209
4	213
4	221
4	225
4	228
4	231
4	235
4	243
4	248
4	254
4	268
4	271
4	276
4	286
4	290
4	305
4	315
4	317
4	318
4	322
4	327
4	333
4	341
4	356
4	378
4	379
4	388
4	400
4	416
4	472
4	476
4	482
4	506
349	412
263	293
89	91
89	93
89	94
89	107
89	108
89	123
89	138
89	153
89	473
138	146
138	166
138	182
138	233
138	268
138	303
138	335
351	448
353	377
451	475
182	208
182	268
156	160
156	165
156	180
156	254
156	341
156	435
60	62
60	70
60	117
60	136
60	140
60	142
60	156
60	160
60	163
60	220
60	260
60	435
75	86
75	97
75	98
75	138
75	193
75	398
365	480
155	158
155	186
155	187
155	276
6	7
6	10
6	16
6	55
6	101
9	10
9	11
9	12
9	13
9	15
9	16
9	17
9	20
9	22
9	23
9	24
9	25
9	26
9	29
9	31
9	32
9	33
9	34
9	35
9	36
9	40
9	41
9	44
9	47
9	48
9	54
9	55
9	57
9	58
9	60
9	62
9	63
9	64
9	65
9	67
9	68
9	69
9	71
9	72
9	78
9	89
9	97
9	100
9	101
9	105
9	108
9	109
9	114
9	125
9	133
9	135
9	142
9	154
9	155
9	158
9	159
9	163
9	166
9	167
9	168
9	176
9	182
9	184
9	197
9	208
9	209
9	220
9	221
9	224
9	234
9	250
9	251
9	257
9	272
9	276
9	285
9	287
9	367
9	373
9	379
9	382
9	407
9	410
9	417
9	422
9	428
9	433
9	470
9	477
9	502
65	75
65	86
65	87
65	138
65	209
65	277
65	288
65	329
65	401
476	506
147	274
147	287
24	25
24	26
24	27
24	29
24	31
24	32
24	33
24	34
24	35
24	37
24	44
24	45
24	52
24	59
24	60
24	63
24	66
24	67
24	83
24	84
24	106
24	118
24	127
24	133
24	140
24	154
24	168
24	206
24	215
24	235
24	251
24	258
24	264
24	271
24	328
24	341
24	362
24	379
24	394
24	486
132	168
132	200
132	254
132	294
102	126
102	127
102	187
102	200
102	212
102	262
102	327
102	415
56	104
56	121
56	154
56	201
56	249
56	293
56	327
56	335
56	404
7	13
7	17
7	19
7	21
7	22
7	27
7	31
7	34
7	39
7	41
7	45
7	46
7	47
7	48
7	50
7	52
7	55
7	57
7	63
7	64
7	66
7	67
7	69
7	73
7	77
7	82
7	94
7	101
7	115
7	128
7	135
7	145
7	148
7	149
7	150
7	162
7	163
7	166
7	170
7	176
7	184
7	189
7	204
7	208
7	241
7	322
7	345
7	384
7	431
7	449
7	473
7	491
70	93
70	97
70	106
70	111
70	112
70	137
70	151
70	192
70	224
70	262
70	273
70	296
70	382
70	402
179	214
367	407
243	254
243	326
243	343
272	285
105	128
105	133
105	154
105	157
105	195
105	326
112	133
112	178
112	247
112	413
112	414
21	22
21	23
21	24
21	25
21	26
21	27
21	28
21	29
21	30
21	31
21	37
21	39
21	42
21	43
21	49
21	52
21	53
21	58
21	59
21	60
21	63
21	66
21	70
21	77
21	83
21	101
21	108
21	112
21	113
21	121
21	126
21	127
21	155
21	162
21	163
21	176
21	193
21	233
21	247
21	248
21	271
21	303
21	315
21	316
21	325
21	372
21	401
21	406
21	414
21	436
103	104
103	113
103	114
103	127
103	129
103	159
103	160
103	165
103	187
103	223
103	273
103	347
103	352
116	158
116	194
116	219
81	118
81	128
81	380
325	327
98	100
98	168
98	193
98	233
96	116
96	134
96	194
96	305
96	476
96	506
52	61
52	63
52	66
52	86
52	91
52	102
52	128
52	141
52	200
52	249
52	356
55	60
55	61
55	62
55	64
55	65
55	70
55	75
55	101
55	104
55	114
55	117
55	127
55	134
55	136
55	137
55	138
55	142
55	145
55	149
55	152
55	156
55	160
55	165
55	166
55	177
55	192
55	212
55	221
55	254
55	268
55	287
55	333
55	341
55	343
55	410
55	422
55	435
55	446
55	498
55	505
284	478
74	79
74	170
74	232
74	381
104	132
104	134
104	160
104	207
104	213
104	225
104	227
104	249
104	263
104	293
104	327
39	43
39	50
39	52
39	59
39	61
39	63
39	66
39	77
39	79
39	84
39	85
39	89
39	93
39	96
39	103
39	104
39	107
39	109
39	111
39	114
39	125
39	134
39	138
39	159
39	177
39	191
39	207
39	213
39	225
39	233
39	295
39	303
39	347
39	352
39	356
39	395
39	425
159	263
159	347
159	352
141	147
141	259
141	274
141	287
405	420
91	101
91	111
91	161
91	259
91	294
91	296
91	470
171	362
171	488
140	260
62	64
62	66
62	96
62	106
62	114
62	135
62	176
62	189
62	206
62	268
62	304
62	333
62	455
62	487
62	494
323	385
163	243
163	315
163	326
163	435
195	242
195	269
195	292
195	328
195	396
50	57
50	60
50	61
50	76
50	93
50	135
50	147
50	152
50	156
50	168
50	170
50	260
50	307
50	340
50	344
312	348
312	353
312	440
63	68
63	73
63	84
63	85
63	102
63	113
63	117
63	127
63	146
63	196
63	213
63	262
63	356
63	377
107	126
107	173
107	207
107	267
107	317
107	448
328	396
172	204
193	209
48	50
48	56
48	91
48	134
48	141
48	213
48	222
48	234
48	259
48	296
48	304
48	475
391	479
164	339
166	192
166	212
166	248
166	287
166	410
166	422
166	464
0	1
0	2
0	3
0	4
0	5
0	7
0	8
0	9
0	10
0	11
0	12
0	13
0	15
0	16
0	17
0	18
0	19
0	20
0	21
0	22
0	23
0	24
0	25
0	26
0	27
0	29
0	30
0	31
0	32
0	33
0	34
0	35
0	36
0	37
0	38
0	39
0	40
0	41
0	42
0	43
0	44
0	45
0	47
0	49
0	52
0	53
0	54
0	55
0	57
0	58
0	59
0	61
0	62
0	63
0	64
0	65
0	66
0	67
0	68
0	69
0	70
0	71
0	72
0	73
0	75
0	77
0	78
0	82
0	83
0	85
0	88
0	89
0	91
0	97
0	99
0	100
0	101
0	102
0	103
0	104
0	106
0	108
0	109
0	114
0	115
0	117
0	120
0	121
0	123
0	125
0	127
0	128
0	132
0	134
0	138
0	141
0	142
0	143
0	146
0	148
0	149
0	153
0	156
0	159
0	161
0	165
0	175
0	176
0	184
0	189
0	191
0	193
0	200
0	207
0	208
0	210
0	215
0	223
0	224
0	227
0	228
0	233
0	241
0	247
0	253
0	254
0	258
0	262
0	268
0	278
0	280
0	303
0	305
0	317
0	320
0	327
0	333
0	341
0	343
0	345
0	347
0	352
0	353
0	359
0	373
0	377
0	384
0	388
0	393
0	407
0	412
0	414
0	417
0	427
0	451
0	469
0	475
0	485
0	489
33	35
33	37
33	39
33	41
33	43
33	49
33	50
33	52
33	54
33	61
33	62
33	72
33	77
33	79
33	85
33	97
33	101
33	102
33	104
33	108
33	113
33	117
33	120
33	121
33	153
33	154
33	162
33	165
33	200
33	206
33	221
33	232
33	255
33	262
33	264
33	271
33	280
33	322
33	355
33	365
173	267
173	285
229	273
94	108
94	139
94	176
94	253
94	264
94	279
94	282
332	411
361	365
361	480
283	359
165	173
165	254
165	285
165	341
165	466
165	484
88	108
88	257
88	472
232	426
10	11
10	12
10	13
10	15
10	17
10	19
10	20
10	21
10	22
10	23
10	24
10	25
10	26
10	27
10	28
10	29
10	30
10	31
10	33
10	35
10	37
10	39
10	41
10	42
10	43
10	44
10	45
10	46
10	47
10	52
10	53
10	55
10	56
10	58
10	59
10	60
10	61
10	62
10	63
10	64
10	66
10	68
10	69
10	73
10	79
10	80
10	83
10	84
10	85
10	96
10	97
10	101
10	103
10	104
10	106
10	109
10	111
10	113
10	114
10	117
10	120
10	121
10	122
10	127
10	131
10	132
10	134
10	141
10	143
10	146
10	150
10	154
10	159
10	163
10	174
10	177
10	213
10	216
10	225
10	240
10	249
10	250
10	254
10	258
10	263
10	268
10	293
10	294
10	295
10	315
10	322
10	333
10	347
10	352
10	356
10	365
10	394
10	395
10	417
10	425
10	455
10	495
29	30
29	32
29	33
29	35
29	42
29	44
29	48
29	49
29	50
29	52
29	53
29	54
29	55
29	58
29	59
29	60
29	61
29	63
29	64
29	68
29	101
29	102
29	121
29	127
29	134
29	167
29	178
29	195
29	200
29	203
29	243
29	262
29	269
29	285
29	323
29	343
29	353
29	385
29	425
29	427
29	490
29	498
212	248
212	415
297	342
176	316
176	487
12	15
12	16
12	17
12	18
12	19
12	20
12	24
12	25
12	26
12	27
12	30
12	31
12	32
12	33
12	34
12	35
12	37
12	38
12	52
12	61
12	63
12	70
12	81
12	99
12	101
12	104
12	108
12	115
12	117
12	118
12	121
12	128
12	132
12	146
12	157
12	159
12	176
12	200
12	203
12	224
12	229
12	239
12	240
12	262
12	273
12	294
12	296
12	303
78	97
78	117
78	149
78	161
78	169
78	253
78	261
78	262
78	290
149	150
149	219
348	440
206	271
167	207
167	225
115	123
115	147
115	156
115	296
115	348
115	473
51	75
51	84
51	86
51	87
51	153
51	209
100	268
145	152
145	287
145	343
145	495
205	284
205	478
44	47
44	49
44	53
44	56
44	58
44	64
44	65
44	69
44	72
44	83
44	86
44	91
44	121
44	125
44	128
44	187
44	190
44	194
44	349
44	400
44	403
44	412
44	442
87	153
87	194
87	332
87	411
18	23
18	24
18	26
18	27
18	28
18	33
18	34
18	45
18	46
18	87
18	94
18	97
18	120
18	121
18	132
8	9
8	10
8	11
8	12
8	13
8	15
8	16
8	17
8	18
8	20
8	21
8	22
8	23
8	24
8	25
8	26
8	27
8	28
8	29
8	30
8	32
8	33
8	34
8	37
8	41
8	42
8	43
8	44
8	45
8	49
8	52
8	53
8	54
8	55
8	57
8	58
8	61
8	62
8	63
8	77
8	81
8	83
8	89
8	94
8	101
8	103
8	106
8	108
8	125
8	128
8	133
8	149
8	151
8	156
8	161
8	164
8	174
8	180
8	222
8	228
8	229
8	233
8	239
8	240
8	273
8	280
8	287
8	339
8	405
8	416
8	420
8	454
8	455
8	503
109	138
109	156
109	233
109	303
109	357
120	121
120	123
120	133
120	380
97	98
97	106
97	111
97	120
97	147
97	191
97	193
97	224
97	282
97	380
221	322
22	29
22	31
22	32
22	33
22	34
22	37
22	39
22	41
22	42
22	43
22	44
22	45
22	54
22	55
22	63
22	64
22	65
22	66
22	73
22	75
22	77
22	83
22	85
22	96
22	103
22	105
22	107
22	108
22	113
22	117
22	127
22	132
22	137
22	138
22	146
22	154
22	159
22	162
22	165
22	166
22	167
22	172
22	174
22	177
22	192
22	206
22	207
22	212
22	231
22	248
22	257
22	271
22	285
22	305
22	347
22	349
22	352
22	372
22	412
22	476
22	506
144	160
144	211
79	85
79	104
79	113
79	127
79	134
79	163
79	213
79	225
79	232
79	243
79	291
79	301
79	326
79	355
25	26
25	27
25	29
25	30
25	32
25	33
25	34
25	35
25	37
25	39
25	41
25	43
25	44
25	47
25	50
25	52
25	55
25	56
25	58
25	59
25	62
25	63
25	68
25	70
25	72
25	78
25	81
25	83
25	84
25	86
25	97
25	101
25	102
25	108
25	111
25	114
25	115
25	127
25	128
25	131
25	132
25	135
25	138
25	144
25	146
25	147
25	155
25	156
25	158
25	159
25	165
25	176
25	182
25	195
25	233
25	254
25	258
25	268
25	269
25	288
25	333
25	341
25	453
118	123
118	131
118	302
118	439
428	470
37	39
37	41
37	42
37	43
37	44
37	47
37	53
37	85
37	101
37	102
37	131
37	153
37	229
37	313
37	318
37	361
37	365
37	378
37	461
37	480
37	495
219	300
219	349
219	385
40	47
40	49
40	68
40	71
40	92
40	105
40	133
40	139
40	144
40	155
40	186
40	189
40	191
40	197
40	220
40	252
40	276
40	358
347	352
133	161
133	165
133	173
133	251
133	278
133	285
133	326
133	376
133	503
137	142
137	165
137	166
137	192
137	212
137	248
137	355
137	382
137	484
122	169
122	209
58	63
58	84
58	127
58	213
58	229
58	242
58	273
69	84
69	86
69	131
69	135
69	223
69	286
66	67
66	70
66	84
66	86
66	94
66	106
66	109
66	161
66	193
66	279
66	336
66	395
66	425
66	486
249	263
249	293
187	212
187	223
187	312
187	348
187	415
187	440
433	502
49	53
49	58
49	61
49	63
49	67
49	68
49	72
49	77
49	78
49	79
49	102
49	127
49	128
49	140
49	163
49	243
49	262
49	273
49	326
49	469
255	323
255	377
340	344
189	208
189	345
231	368
101	108
101	117
101	121
101	125
101	147
101	159
101	195
101	233
101	263
101	269
101	351
101	448
2	3
2	4
2	5
2	7
2	8
2	9
2	10
2	11
2	13
2	15
2	17
2	20
2	21
2	22
2	23
2	24
2	25
2	26
2	27
2	29
2	30
2	31
2	32
2	34
2	37
2	40
2	41
2	42
2	43
2	44
2	45
2	47
2	48
2	49
2	52
2	54
2	55
2	57
2	58
2	61
2	62
2	63
2	67
2	68
2	71
2	73
2	78
2	80
2	82
2	88
2	90
2	91
2	92
2	96
2	100
2	101
2	102
2	103
2	104
2	105
2	106
2	113
2	115
2	124
2	125
2	127
2	133
2	134
2	135
2	138
2	144
2	155
2	159
2	161
2	166
2	207
2	211
2	229
2	234
2	251
2	252
2	257
2	262
2	273
2	276
2	294
2	309
2	343
2	347
2	368
2	397
2	403
2	417
2	419
2	470
197	220
197	294
197	391
197	479
259	296
259	509
23	24
23	25
23	26
23	27
23	29
23	30
23	31
23	32
23	33
23	37
23	39
23	41
23	43
23	44
23	45
23	47
23	52
23	59
23	60
23	66
23	69
23	70
23	78
23	80
23	84
23	89
23	91
23	100
23	101
23	103
23	109
23	117
23	120
23	123
23	138
23	141
23	143
23	147
23	191
23	253
23	262
23	288
23	290
23	359
23	362
23	417
317	448
