#######community 0 size 19
0
25
26
29
30
37
47
50
58
59
61
99
101
135
156
205
211
269
425
#######community 1 size 20
1
17
22
32
33
34
72
77
79
94
104
105
107
113
117
179
225
284
432
478
#######community 2 size 17
2
9
11
20
40
41
42
62
88
125
144
155
158
220
287
410
502
#######community 3 size 24
3
8
13
24
60
66
68
85
102
126
133
151
165
167
187
198
216
221
229
255
323
336
484
500
#######community 4 size 17
4
7
10
21
39
43
52
56
63
112
150
154
178
196
228
271
356
#######community 5 size 13
5
16
18
27
44
49
53
71
330
342
387
451
475
#######community 6 size 17
12
19
35
38
48
70
73
89
91
115
153
200
259
262
296
473
509
#######community 7 size 14
15
23
28
31
45
64
111
119
143
146
186
412
464
481
#######community 8 size 2
74
381
#######community 9 size 2
175
188
#######community 10 size 2
291
301
