#######community 0 size 23
0
19
20
22
44
73
83
103
117
125
159
173
175
278
314
347
349
350
352
388
393
412
427
#######community 1 size 34
1
3
5
8
17
21
27
29
32
42
45
52
53
59
63
70
81
108
140
154
161
190
203
206
215
271
305
338
390
402
431
444
490
503
#######community 2 size 35
2
11
12
15
24
31
35
40
57
58
62
66
92
106
127
133
135
139
144
157
160
174
189
198
208
229
240
242
251
252
303
345
358
394
494
#######community 3 size 13
4
37
47
69
100
120
123
131
153
227
286
313
495
#######community 4 size 11
7
34
68
94
115
145
152
176
282
322
487
#######community 5 size 36
9
10
39
48
50
55
60
64
84
89
93
97
126
134
136
142
147
149
156
163
165
166
168
177
180
212
213
224
243
250
254
315
326
367
382
415
#######community 6 size 16
13
25
72
102
109
114
138
146
197
216
258
268
327
333
335
391
#######community 7 size 2
14
143
#######community 8 size 10
16
41
49
61
101
105
128
185
233
263
#######community 9 size 18
23
26
28
30
33
43
77
78
79
85
104
132
191
225
253
255
273
290
#######community 10 size 5
36
65
87
329
401
#######community 11 size 7
90
111
172
204
220
291
301
#######community 12 size 6
96
116
194
219
300
385
#######community 13 size 2
162
248
#######community 14 size 2
297
342
