#######community 0 size 45
0
1
9
11
17
33
35
40
41
44
47
64
68
72
77
78
90
92
97
101
105
112
121
133
139
154
159
166
176
191
194
224
252
258
276
291
316
326
367
379
380
390
400
407
489
#######community 1 size 39
2
4
10
15
22
26
28
37
43
53
70
85
88
96
100
102
106
108
115
117
122
134
144
169
190
211
229
274
305
313
317
356
368
382
394
417
472
482
506
#######community 2 size 15
3
45
58
63
123
138
162
174
232
240
250
273
284
331
455
#######community 3 size 26
5
7
21
23
27
29
30
31
42
59
60
80
128
150
155
178
195
220
242
263
269
292
328
396
401
431
#######community 4 size 8
8
125
142
228
239
405
420
436
#######community 5 size 22
13
61
91
113
151
161
177
179
197
201
214
227
231
248
294
325
327
391
404
438
470
479
#######community 6 size 2
14
238
#######community 7 size 17
16
20
49
79
103
104
127
146
160
165
189
208
212
225
254
280
341
#######community 8 size 37
18
24
36
38
39
51
52
65
66
69
75
83
84
86
87
98
107
111
118
141
153
163
168
193
206
209
210
215
233
264
277
282
332
398
411
453
486
#######community 9 size 23
19
25
32
34
46
50
89
93
94
131
132
135
145
147
149
152
158
200
219
253
260
279
288
#######community 10 size 12
55
62
109
114
156
243
287
333
343
357
435
505
#######community 11 size 2
73
181
#######community 12 size 2
136
344
#######community 13 size 2
172
204
#######community 14 size 2
221
322
#######community 15 size 2
272
285
#######community 16 size 2
348
440
#######community 17 size 2
361
365
