#######community 0 size 19
0
13
22
31
55
65
97
137
138
142
166
178
192
212
232
248
254
277
446
#######community 1 size 19
1
3
6
7
16
79
127
149
150
163
179
185
279
341
399
463
466
478
485
#######community 2 size 26
2
8
9
15
20
26
27
44
61
64
69
81
105
111
118
125
128
144
155
159
164
197
220
343
403
477
#######community 3 size 31
4
5
10
23
24
37
39
52
53
59
68
78
84
85
90
91
104
112
132
134
141
152
177
191
198
207
213
262
287
294
378
#######community 4 size 20
11
12
19
29
30
32
33
35
41
42
50
56
76
98
116
121
154
165
353
365
#######community 5 size 2
14
143
#######community 6 size 17
17
28
34
40
45
47
49
62
67
72
92
106
186
218
251
416
502
#######community 7 size 17
21
25
58
60
63
66
70
77
83
101
103
160
233
303
395
425
436
#######community 8 size 12
43
89
107
114
126
173
187
267
268
285
317
448
#######community 9 size 2
46
490
#######community 10 size 2
51
75
#######community 11 size 8
93
115
123
147
156
180
253
348
#######community 12 size 2
130
345
#######community 13 size 2
133
278
#######community 14 size 2
139
376
#######community 15 size 2
250
275
