#######community 0 size 20
0
2
262
13
15
20
31
40
42
49
55
312
58
67
68
127
155
242
207
498
#######community 1 size 18
1
18
21
26
28
29
41
70
93
372
380
126
144
157
185
192
467
323
#######community 2 size 10
3
33
54
64
79
101
103
113
129
167
#######community 3 size 15
4
8
12
17
24
32
52
61
63
72
141
146
200
228
235
#######community 4 size 13
5
11
293
53
353
104
362
377
171
330
213
249
255
#######community 5 size 11
7
10
22
25
30
39
257
46
143
165
166
#######community 6 size 7
9
23
34
48
71
359
184
#######community 7 size 8
16
19
27
38
73
368
178
222
#######community 8 size 2
43
118
#######community 9 size 2
74
170
#######community 10 size 2
274
147
#######community 11 size 2
186
220
